1, 2, 10, 5, 0.200000, 0.400000
2, 5, 10, 12, 0.500000, 0.416667
4, 4, 10, 5, 0.400000, 0.800000
9, 2, 10, 7, 0.200000, 0.285714
11, 3, 10, 3, 0.300000, 1.000000
12, 1, 10, 4, 0.100000, 0.250000
13, 2, 10, 3, 0.200000, 0.666667
14, 0, 10, 4, 0.000000, 0.000000
16, 0, 10, 2, 0.000000, 0.000000
18, 1, 10, 1, 0.100000, 1.000000
20, 3, 10, 5, 0.300000, 0.600000
21, 0, 10, 3, 0.000000, 0.000000
23, 1, 10, 1, 0.100000, 1.000000
25, 2, 10, 3, 0.200000, 0.666667
26, 8, 10, 29, 0.800000, 0.275862
28, 3, 10, 7, 0.300000, 0.428571
29, 4, 10, 8, 0.400000, 0.500000
30, 1, 10, 5, 0.100000, 0.200000
33, 1, 10, 1, 0.100000, 1.000000
34, 1, 10, 4, 0.100000, 0.250000
35, 0, 10, 3, 0.000000, 0.000000
36, 2, 10, 2, 0.200000, 1.000000
38, 2, 10, 2, 0.200000, 1.000000
39, 1, 10, 1, 0.100000, 1.000000
40, 1, 10, 4, 0.100000, 0.250000
41, 0, 10, 2, 0.000000, 0.000000
42, 2, 10, 2, 0.200000, 1.000000
43, 4, 10, 5, 0.400000, 0.800000
46, 2, 10, 12, 0.200000, 0.166667
47, 3, 10, 7, 0.300000, 0.428571
49, 3, 10, 8, 0.300000, 0.375000
50, 2, 10, 2, 0.200000, 1.000000
51, 1, 10, 2, 0.100000, 0.500000
52, 1, 10, 1, 0.100000, 1.000000
53, 0, 10, 1, 0.000000, 0.000000
55, 5, 10, 7, 0.500000, 0.714286
56, 1, 10, 2, 0.100000, 0.500000
58, 1, 10, 12, 0.100000, 0.083333
59, 1, 10, 1, 0.100000, 1.000000
60, 2, 10, 5, 0.200000, 0.400000
61, 2, 10, 5, 0.200000, 0.400000
64, 4, 10, 14, 0.400000, 0.285714
67, 4, 10, 11, 0.400000, 0.363636
69, 9, 10, 19, 0.900000, 0.473684
70, 4, 10, 12, 0.400000, 0.333333
73, 0, 10, 2, 0.000000, 0.000000
75, 0, 10, 1, 0.000000, 0.000000
78, 0, 10, 1, 0.000000, 0.000000
80, 0, 10, 1, 0.000000, 0.000000
81, 6, 10, 16, 0.600000, 0.375000
82, 1, 10, 4, 0.100000, 0.250000
84, 1, 10, 5, 0.100000, 0.200000
88, 1, 10, 5, 0.100000, 0.200000
90, 2, 10, 11, 0.200000, 0.181818
95, 0, 10, 1, 0.000000, 0.000000
96, 2, 10, 6, 0.200000, 0.333333
97, 1, 10, 1, 0.100000, 1.000000
98, 4, 10, 11, 0.400000, 0.363636
103, 5, 10, 14, 0.500000, 0.357143
104, 1, 10, 1, 0.100000, 1.000000
105, 1, 10, 2, 0.100000, 0.500000
106, 1, 10, 4, 0.100000, 0.250000
107, 4, 10, 35, 0.400000, 0.114286
108, 3, 10, 8, 0.300000, 0.375000
109, 3, 10, 7, 0.300000, 0.428571
110, 0, 10, 1, 0.000000, 0.000000
112, 1, 10, 5, 0.100000, 0.200000
113, 0, 10, 1, 0.000000, 0.000000
116, 1, 10, 2, 0.100000, 0.500000
117, 3, 10, 15, 0.300000, 0.200000
118, 7, 10, 9, 0.700000, 0.777778
119, 0, 10, 3, 0.000000, 0.000000
120, 2, 10, 7, 0.200000, 0.285714
123, 0, 10, 1, 0.000000, 0.000000
124, 2, 10, 4, 0.200000, 0.500000
129, 2, 10, 3, 0.200000, 0.666667
130, 4, 10, 5, 0.400000, 0.800000
132, 2, 10, 2, 0.200000, 1.000000
133, 3, 10, 3, 0.300000, 1.000000
134, 1, 10, 1, 0.100000, 1.000000
136, 2, 10, 7, 0.200000, 0.285714
137, 0, 10, 2, 0.000000, 0.000000
139, 3, 10, 8, 0.300000, 0.375000
140, 5, 10, 14, 0.500000, 0.357143
145, 4, 10, 24, 0.400000, 0.166667
146, 0, 10, 1, 0.000000, 0.000000
147, 0, 10, 5, 0.000000, 0.000000
149, 2, 10, 4, 0.200000, 0.500000
151, 4, 10, 6, 0.400000, 0.666667
153, 3, 10, 8, 0.300000, 0.375000
154, 1, 10, 2, 0.100000, 0.500000
155, 2, 10, 4, 0.200000, 0.500000
156, 1, 10, 4, 0.100000, 0.250000
158, 2, 10, 2, 0.200000, 1.000000
159, 1, 10, 3, 0.100000, 0.333333
161, 2, 10, 7, 0.200000, 0.285714
162, 2, 10, 5, 0.200000, 0.400000
164, 0, 10, 1, 0.000000, 0.000000
165, 1, 10, 1, 0.100000, 1.000000
166, 2, 10, 13, 0.200000, 0.153846
168, 2, 10, 13, 0.200000, 0.153846
169, 6, 10, 8, 0.600000, 0.750000
172, 0, 10, 1, 0.000000, 0.000000
173, 2, 10, 8, 0.200000, 0.250000
174, 2, 10, 5, 0.200000, 0.400000
175, 3, 10, 6, 0.300000, 0.500000
179, 6, 10, 12, 0.600000, 0.500000
180, 3, 10, 14, 0.300000, 0.214286
183, 4, 10, 17, 0.400000, 0.235294
184, 1, 10, 2, 0.100000, 0.500000
185, 4, 10, 7, 0.400000, 0.571429
187, 6, 10, 12, 0.600000, 0.500000
188, 1, 10, 1, 0.100000, 1.000000
189, 2, 10, 17, 0.200000, 0.117647
190, 4, 10, 8, 0.400000, 0.500000
191, 2, 10, 6, 0.200000, 0.333333
192, 0, 10, 1, 0.000000, 0.000000
196, 1, 10, 4, 0.100000, 0.250000
197, 4, 10, 10, 0.400000, 0.400000
200, 0, 10, 2, 0.000000, 0.000000
201, 1, 10, 11, 0.100000, 0.090909
202, 4, 10, 6, 0.400000, 0.666667
204, 1, 10, 1, 0.100000, 1.000000
205, 8, 10, 14, 0.800000, 0.571429
206, 1, 10, 2, 0.100000, 0.500000
213, 3, 10, 5, 0.300000, 0.600000
215, 3, 10, 3, 0.300000, 1.000000
218, 1, 10, 3, 0.100000, 0.333333
222, 5, 10, 10, 0.500000, 0.500000
223, 2, 10, 10, 0.200000, 0.200000
225, 1, 10, 6, 0.100000, 0.166667
229, 2, 10, 7, 0.200000, 0.285714
230, 3, 10, 4, 0.300000, 0.750000
231, 1, 10, 1, 0.100000, 1.000000
233, 0, 10, 1, 0.000000, 0.000000
234, 1, 10, 3, 0.100000, 0.333333
236, 1, 10, 1, 0.100000, 1.000000
237, 2, 10, 4, 0.200000, 0.500000
239, 0, 10, 1, 0.000000, 0.000000
240, 4, 10, 7, 0.400000, 0.571429
241, 1, 10, 3, 0.100000, 0.333333
244, 0, 10, 4, 0.000000, 0.000000
245, 2, 10, 5, 0.200000, 0.400000
246, 4, 10, 9, 0.400000, 0.444444
247, 5, 10, 8, 0.500000, 0.625000
248, 1, 10, 6, 0.100000, 0.166667
249, 4, 10, 7, 0.400000, 0.571429
252, 3, 10, 17, 0.300000, 0.176471
255, 1, 10, 3, 0.100000, 0.333333
257, 2, 10, 11, 0.200000, 0.181818
259, 3, 10, 5, 0.300000, 0.600000
263, 2, 10, 9, 0.200000, 0.222222
266, 0, 10, 3, 0.000000, 0.000000
267, 6, 10, 7, 0.600000, 0.857143
268, 0, 10, 4, 0.000000, 0.000000
270, 2, 10, 6, 0.200000, 0.333333
273, 2, 10, 12, 0.200000, 0.166667
274, 2, 10, 3, 0.200000, 0.666667
277, 1, 10, 2, 0.100000, 0.500000
279, 1, 10, 1, 0.100000, 1.000000
280, 3, 10, 8, 0.300000, 0.375000
281, 0, 10, 1, 0.000000, 0.000000
282, 1, 10, 13, 0.100000, 0.076923
283, 3, 10, 19, 0.300000, 0.157895
284, 3, 10, 4, 0.300000, 0.750000
285, 6, 10, 13, 0.600000, 0.461538
289, 0, 10, 2, 0.000000, 0.000000
290, 1, 10, 4, 0.100000, 0.250000
291, 4, 10, 9, 0.400000, 0.444444
292, 1, 10, 1, 0.100000, 1.000000
293, 2, 10, 6, 0.200000, 0.333333
295, 2, 10, 11, 0.200000, 0.181818
296, 1, 10, 1, 0.100000, 1.000000
297, 1, 10, 11, 0.100000, 0.090909
299, 1, 10, 7, 0.100000, 0.142857
301, 0, 10, 1, 0.000000, 0.000000
302, 0, 10, 2, 0.000000, 0.000000
303, 6, 10, 20, 0.600000, 0.300000
305, 4, 10, 12, 0.400000, 0.333333
309, 3, 10, 9, 0.300000, 0.333333
310, 3, 10, 10, 0.300000, 0.300000
311, 1, 10, 2, 0.100000, 0.500000
312, 6, 10, 19, 0.600000, 0.315789
313, 1, 10, 1, 0.100000, 1.000000
315, 0, 10, 1, 0.000000, 0.000000
317, 2, 10, 3, 0.200000, 0.666667
321, 1, 10, 1, 0.100000, 1.000000
322, 3, 10, 5, 0.300000, 0.600000
323, 2, 10, 5, 0.200000, 0.400000
324, 7, 10, 14, 0.700000, 0.500000
325, 1, 10, 13, 0.100000, 0.076923
326, 1, 10, 2, 0.100000, 0.500000
327, 6, 10, 16, 0.600000, 0.375000
328, 3, 10, 8, 0.300000, 0.375000
330, 1, 10, 1, 0.100000, 1.000000
331, 4, 10, 15, 0.400000, 0.266667
332, 1, 10, 5, 0.100000, 0.200000
333, 1, 10, 13, 0.100000, 0.076923
334, 2, 10, 19, 0.200000, 0.105263
336, 1, 10, 3, 0.100000, 0.333333
339, 1, 10, 6, 0.100000, 0.166667
340, 0, 10, 3, 0.000000, 0.000000
341, 1, 10, 3, 0.100000, 0.333333
342, 3, 10, 6, 0.300000, 0.500000
343, 1, 10, 3, 0.100000, 0.333333
345, 0, 10, 3, 0.000000, 0.000000
346, 3, 10, 5, 0.300000, 0.600000
348, 1, 10, 16, 0.100000, 0.062500
350, 3, 10, 10, 0.300000, 0.300000
352, 5, 10, 10, 0.500000, 0.500000
353, 0, 10, 3, 0.000000, 0.000000
357, 1, 10, 1, 0.100000, 1.000000
358, 1, 10, 2, 0.100000, 0.500000
360, 0, 10, 1, 0.000000, 0.000000
361, 4, 10, 27, 0.400000, 0.148148
363, 4, 10, 9, 0.400000, 0.444444
365, 0, 10, 2, 0.000000, 0.000000
366, 1, 10, 1, 0.100000, 1.000000
369, 1, 10, 6, 0.100000, 0.166667
370, 4, 10, 11, 0.400000, 0.363636
372, 3, 10, 6, 0.300000, 0.500000
373, 6, 10, 31, 0.600000, 0.193548
374, 3, 10, 13, 0.300000, 0.230769
376, 1, 10, 2, 0.100000, 0.500000
377, 1, 10, 1, 0.100000, 1.000000
379, 1, 10, 1, 0.100000, 1.000000
380, 3, 10, 6, 0.300000, 0.500000
381, 0, 10, 2, 0.000000, 0.000000
382, 4, 10, 7, 0.400000, 0.571429
383, 0, 10, 1, 0.000000, 0.000000
384, 7, 10, 11, 0.700000, 0.636364
385, 0, 10, 1, 0.000000, 0.000000
386, 4, 10, 15, 0.400000, 0.266667
387, 4, 10, 5, 0.400000, 0.800000
388, 2, 10, 5, 0.200000, 0.400000
390, 1, 10, 5, 0.100000, 0.200000
393, 2, 10, 4, 0.200000, 0.500000
395, 2, 10, 11, 0.200000, 0.181818
396, 4, 10, 11, 0.400000, 0.363636
397, 5, 10, 14, 0.500000, 0.357143
399, 0, 10, 2, 0.000000, 0.000000
401, 4, 10, 6, 0.400000, 0.666667
403, 2, 10, 2, 0.200000, 1.000000
406, 0, 10, 1, 0.000000, 0.000000
407, 1, 10, 8, 0.100000, 0.125000
408, 1, 10, 2, 0.100000, 0.500000
409, 1, 10, 1, 0.100000, 1.000000
410, 4, 10, 17, 0.400000, 0.235294
411, 3, 10, 14, 0.300000, 0.214286
412, 4, 10, 11, 0.400000, 0.363636
413, 1, 10, 1, 0.100000, 1.000000
414, 2, 10, 10, 0.200000, 0.200000
415, 1, 10, 1, 0.100000, 1.000000
417, 1, 10, 2, 0.100000, 0.500000
418, 2, 10, 11, 0.200000, 0.181818
419, 3, 10, 9, 0.300000, 0.333333
422, 5, 10, 23, 0.500000, 0.217391
423, 0, 10, 1, 0.000000, 0.000000
424, 2, 10, 2, 0.200000, 1.000000
425, 2, 10, 4, 0.200000, 0.500000
428, 0, 10, 4, 0.000000, 0.000000
431, 2, 10, 12, 0.200000, 0.166667
432, 5, 10, 14, 0.500000, 0.357143
433, 1, 10, 1, 0.100000, 1.000000
434, 0, 10, 1, 0.000000, 0.000000
435, 4, 10, 8, 0.400000, 0.500000
436, 0, 10, 1, 0.000000, 0.000000
437, 1, 10, 1, 0.100000, 1.000000
438, 5, 10, 12, 0.500000, 0.416667
440, 0, 10, 2, 0.000000, 0.000000
442, 3, 10, 8, 0.300000, 0.375000
443, 4, 10, 16, 0.400000, 0.250000
444, 3, 10, 6, 0.300000, 0.500000
445, 2, 10, 22, 0.200000, 0.090909
446, 1, 10, 7, 0.100000, 0.142857
449, 1, 10, 2, 0.100000, 0.500000
450, 2, 10, 2, 0.200000, 1.000000
451, 4, 10, 8, 0.400000, 0.500000
453, 1, 10, 1, 0.100000, 1.000000
455, 2, 10, 29, 0.200000, 0.068966
460, 0, 10, 1, 0.000000, 0.000000
461, 9, 10, 27, 0.900000, 0.333333
462, 1, 10, 6, 0.100000, 0.166667
463, 1, 10, 1, 0.100000, 1.000000
464, 2, 10, 12, 0.200000, 0.166667
465, 2, 10, 8, 0.200000, 0.250000
466, 1, 10, 2, 0.100000, 0.500000
467, 0, 10, 3, 0.000000, 0.000000
468, 0, 10, 1, 0.000000, 0.000000
469, 1, 10, 6, 0.100000, 0.166667
471, 0, 10, 1, 0.000000, 0.000000
479, 0, 10, 2, 0.000000, 0.000000
481, 7, 10, 12, 0.700000, 0.583333
482, 3, 10, 17, 0.300000, 0.176471
483, 3, 10, 14, 0.300000, 0.214286
484, 1, 10, 4, 0.100000, 0.250000
485, 0, 10, 1, 0.000000, 0.000000
486, 1, 10, 2, 0.100000, 0.500000
487, 4, 10, 15, 0.400000, 0.266667
488, 3, 10, 12, 0.300000, 0.250000
489, 0, 10, 2, 0.000000, 0.000000
492, 1, 10, 2, 0.100000, 0.500000
493, 0, 10, 2, 0.000000, 0.000000
497, 3, 10, 5, 0.300000, 0.600000
499, 3, 10, 3, 0.300000, 1.000000
500, 1, 10, 2, 0.100000, 0.500000
502, 0, 10, 2, 0.000000, 0.000000
504, 5, 10, 21, 0.500000, 0.238095
505, 2, 10, 5, 0.200000, 0.400000
506, 2, 10, 4, 0.200000, 0.500000
507, 4, 10, 14, 0.400000, 0.285714
508, 0, 10, 4, 0.000000, 0.000000
509, 3, 10, 9, 0.300000, 0.333333
510, 4, 10, 11, 0.400000, 0.363636
511, 2, 10, 7, 0.200000, 0.285714
512, 2, 10, 5, 0.200000, 0.400000
513, 4, 10, 8, 0.400000, 0.500000
515, 3, 10, 11, 0.300000, 0.272727
517, 1, 10, 3, 0.100000, 0.333333
518, 2, 10, 5, 0.200000, 0.400000
519, 1, 10, 3, 0.100000, 0.333333
521, 0, 10, 1, 0.000000, 0.000000
522, 0, 10, 2, 0.000000, 0.000000
525, 1, 10, 3, 0.100000, 0.333333
526, 2, 10, 7, 0.200000, 0.285714
528, 3, 10, 17, 0.300000, 0.176471
529, 3, 10, 7, 0.300000, 0.428571
530, 1, 10, 1, 0.100000, 1.000000
531, 1, 10, 1, 0.100000, 1.000000
533, 3, 10, 5, 0.300000, 0.600000
534, 1, 10, 6, 0.100000, 0.166667
537, 2, 10, 17, 0.200000, 0.117647
539, 3, 10, 7, 0.300000, 0.428571
540, 8, 10, 40, 0.800000, 0.200000
541, 2, 10, 9, 0.200000, 0.222222
542, 6, 10, 35, 0.600000, 0.171429
543, 1, 10, 1, 0.100000, 1.000000
544, 4, 10, 11, 0.400000, 0.363636
545, 0, 10, 1, 0.000000, 0.000000
546, 2, 10, 7, 0.200000, 0.285714
547, 1, 10, 3, 0.100000, 0.333333
548, 0, 10, 1, 0.000000, 0.000000
550, 5, 10, 14, 0.500000, 0.357143
551, 2, 10, 5, 0.200000, 0.400000
552, 0, 10, 1, 0.000000, 0.000000
553, 6, 10, 16, 0.600000, 0.375000
554, 2, 10, 3, 0.200000, 0.666667
556, 3, 10, 24, 0.300000, 0.125000
557, 0, 10, 3, 0.000000, 0.000000
558, 0, 10, 3, 0.000000, 0.000000
559, 0, 10, 6, 0.000000, 0.000000
560, 3, 10, 8, 0.300000, 0.375000
561, 5, 10, 19, 0.500000, 0.263158
562, 1, 10, 3, 0.100000, 0.333333
563, 1, 10, 2, 0.100000, 0.500000
564, 3, 10, 13, 0.300000, 0.230769
566, 1, 10, 7, 0.100000, 0.142857
567, 3, 10, 13, 0.300000, 0.230769
570, 0, 10, 1, 0.000000, 0.000000
572, 2, 10, 3, 0.200000, 0.666667
573, 0, 10, 3, 0.000000, 0.000000
574, 0, 10, 7, 0.000000, 0.000000
575, 3, 10, 8, 0.300000, 0.375000
576, 0, 10, 1, 0.000000, 0.000000
578, 1, 10, 3, 0.100000, 0.333333
580, 4, 10, 13, 0.400000, 0.307692
581, 0, 10, 1, 0.000000, 0.000000
583, 3, 10, 13, 0.300000, 0.230769
585, 3, 10, 3, 0.300000, 1.000000
586, 4, 10, 10, 0.400000, 0.400000
588, 2, 10, 4, 0.200000, 0.500000
589, 1, 10, 2, 0.100000, 0.500000
590, 1, 10, 3, 0.100000, 0.333333
591, 1, 10, 3, 0.100000, 0.333333
592, 4, 10, 14, 0.400000, 0.285714
594, 1, 10, 13, 0.100000, 0.076923
595, 1, 10, 5, 0.100000, 0.200000
597, 1, 10, 4, 0.100000, 0.250000
598, 3, 10, 6, 0.300000, 0.500000
599, 1, 10, 2, 0.100000, 0.500000
600, 0, 10, 8, 0.000000, 0.000000
601, 0, 10, 1, 0.000000, 0.000000
604, 1, 10, 6, 0.100000, 0.166667
605, 1, 10, 1, 0.100000, 1.000000
607, 0, 10, 4, 0.000000, 0.000000
610, 2, 10, 3, 0.200000, 0.666667
611, 1, 10, 3, 0.100000, 0.333333
612, 4, 10, 24, 0.400000, 0.166667
613, 2, 10, 4, 0.200000, 0.500000
616, 1, 10, 4, 0.100000, 0.250000
617, 1, 10, 2, 0.100000, 0.500000
619, 1, 10, 11, 0.100000, 0.090909
621, 4, 10, 11, 0.400000, 0.363636
622, 1, 10, 9, 0.100000, 0.111111
623, 3, 10, 8, 0.300000, 0.375000
624, 2, 10, 5, 0.200000, 0.400000
625, 5, 10, 19, 0.500000, 0.263158
626, 4, 10, 16, 0.400000, 0.250000
628, 4, 10, 4, 0.400000, 1.000000
629, 5, 10, 13, 0.500000, 0.384615
630, 1, 10, 4, 0.100000, 0.250000
631, 2, 10, 2, 0.200000, 1.000000
632, 0, 10, 1, 0.000000, 0.000000
634, 2, 10, 9, 0.200000, 0.222222
635, 3, 10, 11, 0.300000, 0.272727
636, 5, 10, 11, 0.500000, 0.454545
637, 4, 10, 10, 0.400000, 0.400000
638, 1, 10, 1, 0.100000, 1.000000
639, 1, 10, 5, 0.100000, 0.200000
640, 2, 10, 2, 0.200000, 1.000000
641, 2, 10, 5, 0.200000, 0.400000
642, 2, 10, 2, 0.200000, 1.000000
643, 1, 10, 8, 0.100000, 0.125000
645, 4, 10, 9, 0.400000, 0.444444
646, 7, 10, 10, 0.700000, 0.700000
647, 2, 10, 12, 0.200000, 0.166667
648, 2, 10, 16, 0.200000, 0.125000
649, 1, 10, 5, 0.100000, 0.200000
650, 6, 10, 19, 0.600000, 0.315789
651, 1, 10, 2, 0.100000, 0.500000
653, 2, 10, 8, 0.200000, 0.250000
655, 0, 10, 7, 0.000000, 0.000000
656, 1, 10, 2, 0.100000, 0.500000
657, 0, 10, 1, 0.000000, 0.000000
659, 2, 10, 11, 0.200000, 0.181818
660, 1, 10, 1, 0.100000, 1.000000
661, 0, 10, 8, 0.000000, 0.000000
663, 4, 10, 5, 0.400000, 0.800000
665, 3, 10, 8, 0.300000, 0.375000
667, 4, 10, 18, 0.400000, 0.222222
669, 2, 10, 3, 0.200000, 0.666667
672, 3, 10, 18, 0.300000, 0.166667
675, 4, 10, 9, 0.400000, 0.444444
676, 1, 10, 8, 0.100000, 0.125000
678, 2, 10, 9, 0.200000, 0.222222
679, 4, 10, 16, 0.400000, 0.250000
680, 3, 10, 7, 0.300000, 0.428571
681, 1, 10, 6, 0.100000, 0.166667
682, 5, 10, 16, 0.500000, 0.312500
683, 0, 10, 1, 0.000000, 0.000000
685, 2, 10, 13, 0.200000, 0.153846
686, 5, 10, 11, 0.500000, 0.454545
688, 1, 10, 13, 0.100000, 0.076923
690, 4, 10, 18, 0.400000, 0.222222
691, 3, 10, 16, 0.300000, 0.187500
692, 1, 10, 5, 0.100000, 0.200000
693, 8, 10, 8, 0.800000, 1.000000
694, 0, 10, 1, 0.000000, 0.000000
695, 0, 10, 1, 0.000000, 0.000000
696, 2, 10, 9, 0.200000, 0.222222
697, 0, 10, 1, 0.000000, 0.000000
698, 3, 10, 9, 0.300000, 0.333333
699, 2, 10, 7, 0.200000, 0.285714
702, 1, 10, 1, 0.100000, 1.000000
703, 1, 10, 5, 0.100000, 0.200000
704, 3, 10, 4, 0.300000, 0.750000
705, 3, 10, 9, 0.300000, 0.333333
706, 1, 10, 6, 0.100000, 0.166667
707, 1, 10, 7, 0.100000, 0.142857
708, 1, 10, 5, 0.100000, 0.200000
710, 5, 10, 19, 0.500000, 0.263158
711, 5, 10, 10, 0.500000, 0.500000
712, 1, 10, 1, 0.100000, 1.000000
713, 5, 10, 14, 0.500000, 0.357143
714, 1, 10, 6, 0.100000, 0.166667
715, 0, 10, 1, 0.000000, 0.000000
718, 3, 10, 6, 0.300000, 0.500000
719, 3, 10, 7, 0.300000, 0.428571
720, 4, 10, 6, 0.400000, 0.666667
721, 3, 10, 20, 0.300000, 0.150000
722, 3, 10, 8, 0.300000, 0.375000
725, 2, 10, 5, 0.200000, 0.400000
726, 1, 10, 11, 0.100000, 0.090909
727, 1, 10, 10, 0.100000, 0.100000
728, 1, 10, 3, 0.100000, 0.333333
729, 2, 10, 11, 0.200000, 0.181818
731, 1, 10, 4, 0.100000, 0.250000
732, 0, 10, 4, 0.000000, 0.000000
733, 1, 10, 1, 0.100000, 1.000000
734, 0, 10, 1, 0.000000, 0.000000
735, 3, 10, 5, 0.300000, 0.600000
736, 2, 10, 16, 0.200000, 0.125000
738, 2, 10, 7, 0.200000, 0.285714
739, 1, 10, 4, 0.100000, 0.250000
740, 1, 10, 1, 0.100000, 1.000000
741, 0, 10, 1, 0.000000, 0.000000
742, 1, 10, 1, 0.100000, 1.000000
743, 1, 10, 1, 0.100000, 1.000000
745, 4, 10, 10, 0.400000, 0.400000
747, 6, 10, 10, 0.600000, 0.600000
748, 5, 10, 10, 0.500000, 0.500000
749, 5, 10, 11, 0.500000, 0.454545
750, 0, 10, 19, 0.000000, 0.000000
751, 1, 10, 4, 0.100000, 0.250000
752, 4, 10, 12, 0.400000, 0.333333
753, 0, 10, 1, 0.000000, 0.000000
755, 4, 10, 10, 0.400000, 0.400000
756, 2, 10, 5, 0.200000, 0.400000
757, 3, 10, 8, 0.300000, 0.375000
758, 5, 10, 8, 0.500000, 0.625000
759, 5, 10, 8, 0.500000, 0.625000
760, 4, 10, 17, 0.400000, 0.235294
762, 2, 10, 11, 0.200000, 0.181818
763, 5, 10, 13, 0.500000, 0.384615
764, 1, 10, 1, 0.100000, 1.000000
766, 1, 10, 1, 0.100000, 1.000000
768, 0, 10, 2, 0.000000, 0.000000
769, 7, 10, 21, 0.700000, 0.333333
770, 1, 10, 9, 0.100000, 0.111111
771, 5, 10, 25, 0.500000, 0.200000
772, 4, 10, 30, 0.400000, 0.133333
773, 0, 10, 1, 0.000000, 0.000000
774, 2, 10, 3, 0.200000, 0.666667
775, 0, 10, 5, 0.000000, 0.000000
776, 2, 10, 2, 0.200000, 1.000000
777, 2, 10, 11, 0.200000, 0.181818
778, 1, 10, 2, 0.100000, 0.500000
779, 1, 10, 7, 0.100000, 0.142857
780, 1, 10, 6, 0.100000, 0.166667
781, 1, 10, 1, 0.100000, 1.000000
782, 3, 10, 9, 0.300000, 0.333333
783, 2, 10, 6, 0.200000, 0.333333
784, 0, 10, 3, 0.000000, 0.000000
786, 4, 10, 9, 0.400000, 0.444444
787, 3, 10, 8, 0.300000, 0.375000
788, 4, 10, 21, 0.400000, 0.190476
790, 1, 10, 3, 0.100000, 0.333333
791, 3, 10, 3, 0.300000, 1.000000
792, 1, 10, 2, 0.100000, 0.500000
793, 0, 10, 2, 0.000000, 0.000000
794, 0, 10, 1, 0.000000, 0.000000
795, 5, 10, 37, 0.500000, 0.135135
796, 4, 10, 15, 0.400000, 0.266667
798, 2, 10, 11, 0.200000, 0.181818
800, 2, 10, 13, 0.200000, 0.153846
801, 1, 10, 12, 0.100000, 0.083333
803, 2, 10, 24, 0.200000, 0.083333
804, 5, 10, 13, 0.500000, 0.384615
805, 4, 10, 11, 0.400000, 0.363636
806, 0, 10, 1, 0.000000, 0.000000
807, 2, 10, 25, 0.200000, 0.080000
808, 3, 10, 9, 0.300000, 0.333333
809, 6, 10, 12, 0.600000, 0.500000
810, 2, 10, 22, 0.200000, 0.090909
811, 4, 10, 14, 0.400000, 0.285714
812, 3, 10, 3, 0.300000, 1.000000
813, 2, 10, 10, 0.200000, 0.200000
814, 3, 10, 9, 0.300000, 0.333333
815, 2, 10, 8, 0.200000, 0.250000
816, 2, 10, 9, 0.200000, 0.222222
817, 3, 10, 12, 0.300000, 0.250000
818, 4, 10, 16, 0.400000, 0.250000
819, 2, 10, 10, 0.200000, 0.200000
820, 6, 10, 22, 0.600000, 0.272727
821, 1, 10, 12, 0.100000, 0.083333
822, 1, 10, 1, 0.100000, 1.000000
823, 4, 10, 9, 0.400000, 0.444444
824, 1, 10, 12, 0.100000, 0.083333
825, 2, 10, 7, 0.200000, 0.285714
826, 3, 10, 23, 0.300000, 0.130435
827, 3, 10, 14, 0.300000, 0.214286
828, 3, 10, 7, 0.300000, 0.428571
829, 5, 10, 24, 0.500000, 0.208333
830, 2, 10, 9, 0.200000, 0.222222
831, 1, 10, 1, 0.100000, 1.000000
833, 2, 10, 13, 0.200000, 0.153846
836, 3, 10, 24, 0.300000, 0.125000
837, 0, 10, 1, 0.000000, 0.000000
839, 6, 10, 38, 0.600000, 0.157895
841, 8, 10, 31, 0.800000, 0.258065
842, 4, 10, 21, 0.400000, 0.190476
843, 4, 10, 18, 0.400000, 0.222222
844, 0, 10, 20, 0.000000, 0.000000
845, 7, 10, 21, 0.700000, 0.333333
846, 0, 10, 5, 0.000000, 0.000000
847, 1, 10, 9, 0.100000, 0.111111
848, 3, 10, 13, 0.300000, 0.230769
849, 4, 10, 19, 0.400000, 0.210526
850, 1, 10, 3, 0.100000, 0.333333
851, 7, 10, 17, 0.700000, 0.411765
852, 2, 10, 5, 0.200000, 0.400000
853, 2, 10, 13, 0.200000, 0.153846
854, 4, 10, 17, 0.400000, 0.235294
855, 2, 10, 14, 0.200000, 0.142857
856, 0, 10, 6, 0.000000, 0.000000
857, 4, 10, 14, 0.400000, 0.285714
858, 2, 10, 9, 0.200000, 0.222222
859, 6, 10, 25, 0.600000, 0.240000
860, 7, 10, 26, 0.700000, 0.269231
861, 4, 10, 12, 0.400000, 0.333333
862, 1, 10, 5, 0.100000, 0.200000
863, 3, 10, 7, 0.300000, 0.428571
864, 2, 10, 7, 0.200000, 0.285714
865, 0, 10, 4, 0.000000, 0.000000
866, 5, 10, 16, 0.500000, 0.312500
867, 2, 10, 15, 0.200000, 0.133333
868, 0, 10, 1, 0.000000, 0.000000
869, 4, 10, 10, 0.400000, 0.400000
870, 6, 10, 29, 0.600000, 0.206897
871, 1, 10, 7, 0.100000, 0.142857
872, 4, 10, 11, 0.400000, 0.363636
873, 6, 10, 13, 0.600000, 0.461538
874, 4, 10, 15, 0.400000, 0.266667
875, 4, 10, 27, 0.400000, 0.148148
876, 6, 10, 16, 0.600000, 0.375000
877, 0, 10, 4, 0.000000, 0.000000
878, 1, 10, 10, 0.100000, 0.100000
879, 0, 10, 8, 0.000000, 0.000000
880, 3, 10, 6, 0.300000, 0.500000
881, 0, 10, 1, 0.000000, 0.000000
882, 6, 10, 20, 0.600000, 0.300000
883, 0, 10, 6, 0.000000, 0.000000
884, 1, 10, 7, 0.100000, 0.142857
885, 5, 10, 19, 0.500000, 0.263158
886, 8, 10, 10, 0.800000, 0.800000
887, 4, 10, 9, 0.400000, 0.444444
888, 0, 10, 2, 0.000000, 0.000000
889, 4, 10, 12, 0.400000, 0.333333
890, 3, 10, 9, 0.300000, 0.333333
891, 1, 10, 11, 0.100000, 0.090909
892, 2, 10, 7, 0.200000, 0.285714
893, 4, 10, 21, 0.400000, 0.190476
894, 4, 10, 20, 0.400000, 0.200000
895, 3, 10, 25, 0.300000, 0.120000
896, 1, 10, 7, 0.100000, 0.142857
897, 3, 10, 16, 0.300000, 0.187500
898, 1, 10, 3, 0.100000, 0.333333
899, 0, 10, 1, 0.000000, 0.000000
900, 4, 10, 10, 0.400000, 0.400000
901, 4, 10, 15, 0.400000, 0.266667
903, 2, 10, 4, 0.200000, 0.500000
904, 2, 10, 3, 0.200000, 0.666667
905, 3, 10, 10, 0.300000, 0.300000
906, 4, 10, 14, 0.400000, 0.285714
907, 2, 10, 27, 0.200000, 0.074074
908, 4, 10, 18, 0.400000, 0.222222
909, 3, 10, 14, 0.300000, 0.214286
910, 1, 10, 2, 0.100000, 0.500000
911, 4, 10, 24, 0.400000, 0.166667
912, 2, 10, 8, 0.200000, 0.250000
913, 2, 10, 11, 0.200000, 0.181818
914, 5, 10, 25, 0.500000, 0.200000
915, 4, 10, 13, 0.400000, 0.307692
916, 6, 10, 29, 0.600000, 0.206897
917, 3, 10, 12, 0.300000, 0.250000
918, 2, 10, 5, 0.200000, 0.400000
919, 0, 10, 4, 0.000000, 0.000000
920, 2, 10, 13, 0.200000, 0.153846
921, 3, 10, 12, 0.300000, 0.250000
922, 3, 10, 12, 0.300000, 0.250000
923, 2, 10, 10, 0.200000, 0.200000
924, 5, 10, 12, 0.500000, 0.416667
925, 2, 10, 7, 0.200000, 0.285714
926, 2, 10, 7, 0.200000, 0.285714
927, 3, 10, 12, 0.300000, 0.250000
928, 5, 10, 12, 0.500000, 0.416667
929, 2, 10, 9, 0.200000, 0.222222
930, 4, 10, 29, 0.400000, 0.137931
931, 2, 10, 4, 0.200000, 0.500000
932, 3, 10, 9, 0.300000, 0.333333
933, 2, 10, 8, 0.200000, 0.250000
934, 2, 10, 3, 0.200000, 0.666667
935, 2, 10, 3, 0.200000, 0.666667
936, 3, 10, 6, 0.300000, 0.500000
937, 3, 10, 5, 0.300000, 0.600000
938, 4, 10, 21, 0.400000, 0.190476
939, 0, 10, 4, 0.000000, 0.000000
940, 0, 10, 1, 0.000000, 0.000000
941, 1, 10, 6, 0.100000, 0.166667
942, 6, 10, 15, 0.600000, 0.400000
943, 2, 10, 3, 0.200000, 0.666667
944, 1, 10, 5, 0.100000, 0.200000
945, 4, 10, 10, 0.400000, 0.400000
946, 1, 10, 2, 0.100000, 0.500000
947, 2, 10, 4, 0.200000, 0.500000
949, 2, 10, 5, 0.200000, 0.400000
951, 3, 10, 6, 0.300000, 0.500000
952, 0, 10, 4, 0.000000, 0.000000
953, 0, 10, 1, 0.000000, 0.000000
954, 0, 10, 3, 0.000000, 0.000000
955, 4, 10, 7, 0.400000, 0.571429
957, 1, 10, 1, 0.100000, 1.000000
958, 0, 10, 1, 0.000000, 0.000000
959, 2, 10, 5, 0.200000, 0.400000
960, 1, 10, 2, 0.100000, 0.500000
963, 1, 10, 2, 0.100000, 0.500000
964, 2, 10, 3, 0.200000, 0.666667
965, 1, 10, 2, 0.100000, 0.500000
966, 0, 10, 1, 0.000000, 0.000000
967, 4, 10, 5, 0.400000, 0.800000
969, 2, 10, 3, 0.200000, 0.666667
970, 1, 10, 2, 0.100000, 0.500000
971, 0, 10, 1, 0.000000, 0.000000
972, 2, 10, 2, 0.200000, 1.000000
973, 0, 10, 1, 0.000000, 0.000000
