0, 10, 10, 51, 1.000000, 0.196078
1, 10, 10, 25, 1.000000, 0.400000
2, 6, 10, 7, 0.600000, 0.857143
3, 9, 10, 26, 0.900000, 0.346154
4, 9, 10, 20, 0.900000, 0.450000
5, 6, 10, 11, 0.600000, 0.545455
6, 10, 10, 28, 1.000000, 0.357143
7, 10, 10, 34, 1.000000, 0.294118
8, 10, 10, 17, 1.000000, 0.588235
9, 10, 10, 18, 1.000000, 0.555556
10, 10, 10, 30, 1.000000, 0.333333
11, 9, 10, 22, 0.900000, 0.409091
12, 10, 10, 15, 1.000000, 0.666667
13, 5, 10, 23, 0.500000, 0.217391
14, 5, 10, 23, 0.500000, 0.217391
15, 8, 10, 48, 0.800000, 0.166667
16, 10, 10, 36, 1.000000, 0.277778
17, 9, 10, 25, 0.900000, 0.360000
18, 10, 10, 17, 1.000000, 0.588235
19, 9, 10, 32, 0.900000, 0.281250
20, 0, 10, 2, 0.000000, 0.000000
21, 9, 10, 18, 0.900000, 0.500000
22, 10, 10, 44, 1.000000, 0.227273
23, 10, 10, 17, 1.000000, 0.588235
24, 9, 10, 42, 0.900000, 0.214286
25, 8, 10, 12, 0.800000, 0.666667
26, 7, 10, 15, 0.700000, 0.466667
27, 6, 10, 18, 0.600000, 0.333333
28, 7, 10, 23, 0.700000, 0.304348
29, 2, 10, 4, 0.200000, 0.500000
30, 10, 10, 15, 1.000000, 0.666667
31, 10, 10, 47, 1.000000, 0.212766
32, 4, 10, 12, 0.400000, 0.333333
33, 9, 10, 9, 0.900000, 1.000000
34, 3, 10, 13, 0.300000, 0.230769
35, 8, 10, 52, 0.800000, 0.153846
36, 4, 10, 4, 0.400000, 1.000000
37, 9, 10, 29, 0.900000, 0.310345
38, 9, 10, 25, 0.900000, 0.360000
39, 1, 10, 3, 0.100000, 0.333333
40, 5, 10, 8, 0.500000, 0.625000
41, 9, 10, 24, 0.900000, 0.375000
42, 3, 10, 15, 0.300000, 0.200000
43, 10, 10, 33, 1.000000, 0.303030
44, 10, 10, 48, 1.000000, 0.208333
45, 10, 10, 21, 1.000000, 0.476190
46, 9, 10, 15, 0.900000, 0.600000
47, 2, 10, 2, 0.200000, 1.000000
48, 10, 10, 28, 1.000000, 0.357143
49, 3, 10, 10, 0.300000, 0.300000
50, 10, 10, 52, 1.000000, 0.192308
51, 6, 10, 13, 0.600000, 0.461538
52, 10, 10, 11, 1.000000, 0.909091
53, 9, 10, 20, 0.900000, 0.450000
54, 10, 10, 18, 1.000000, 0.555556
55, 3, 10, 9, 0.300000, 0.333333
56, 3, 10, 4, 0.300000, 0.750000
57, 9, 10, 12, 0.900000, 0.750000
58, 2, 10, 4, 0.200000, 0.500000
59, 10, 10, 28, 1.000000, 0.357143
60, 7, 10, 22, 0.700000, 0.318182
61, 6, 10, 10, 0.600000, 0.600000
62, 10, 10, 26, 1.000000, 0.384615
63, 10, 10, 25, 1.000000, 0.400000
64, 8, 10, 11, 0.800000, 0.727273
65, 5, 10, 12, 0.500000, 0.416667
66, 6, 10, 6, 0.600000, 1.000000
67, 10, 10, 19, 1.000000, 0.526316
68, 10, 10, 31, 1.000000, 0.322581
69, 2, 10, 4, 0.200000, 0.500000
70, 8, 10, 52, 0.800000, 0.153846
71, 9, 10, 46, 0.900000, 0.195652
72, 10, 10, 48, 1.000000, 0.208333
73, 6, 10, 12, 0.600000, 0.500000
74, 3, 10, 4, 0.300000, 0.750000
75, 10, 10, 24, 1.000000, 0.416667
76, 6, 10, 13, 0.600000, 0.461538
77, 9, 10, 35, 0.900000, 0.257143
78, 10, 10, 52, 1.000000, 0.192308
79, 3, 10, 10, 0.300000, 0.300000
80, 9, 10, 35, 0.900000, 0.257143
81, 9, 10, 17, 0.900000, 0.529412
82, 4, 10, 20, 0.400000, 0.200000
83, 10, 10, 36, 1.000000, 0.277778
84, 1, 10, 4, 0.100000, 0.250000
85, 10, 10, 47, 1.000000, 0.212766
86, 10, 10, 25, 1.000000, 0.400000
87, 8, 10, 25, 0.800000, 0.320000
88, 5, 10, 15, 0.500000, 0.333333
89, 9, 10, 29, 0.900000, 0.310345
90, 7, 10, 9, 0.700000, 0.777778
91, 7, 10, 20, 0.700000, 0.350000
92, 8, 10, 26, 0.800000, 0.307692
93, 7, 10, 25, 0.700000, 0.280000
94, 5, 10, 13, 0.500000, 0.384615
95, 6, 10, 33, 0.600000, 0.181818
96, 4, 10, 5, 0.400000, 0.800000
97, 9, 10, 11, 0.900000, 0.818182
98, 9, 10, 43, 0.900000, 0.209302
99, 10, 10, 52, 1.000000, 0.192308
100, 7, 10, 13, 0.700000, 0.538462
101, 9, 10, 42, 0.900000, 0.214286
102, 10, 10, 43, 1.000000, 0.232558
104, 9, 10, 51, 0.900000, 0.176471
105, 9, 10, 14, 0.900000, 0.642857
106, 3, 10, 3, 0.300000, 1.000000
108, 10, 10, 19, 1.000000, 0.526316
109, 8, 10, 9, 0.800000, 0.888889
110, 8, 10, 21, 0.800000, 0.380952
111, 10, 10, 37, 1.000000, 0.270270
112, 10, 10, 11, 1.000000, 0.909091
113, 8, 10, 27, 0.800000, 0.296296
114, 7, 10, 8, 0.700000, 0.875000
115, 8, 10, 9, 0.800000, 0.888889
116, 5, 10, 15, 0.500000, 0.333333
117, 7, 10, 21, 0.700000, 0.333333
118, 10, 10, 23, 1.000000, 0.434783
119, 10, 10, 19, 1.000000, 0.526316
120, 10, 10, 23, 1.000000, 0.434783
121, 5, 10, 13, 0.500000, 0.384615
122, 9, 10, 31, 0.900000, 0.290323
123, 10, 10, 31, 1.000000, 0.322581
124, 8, 10, 16, 0.800000, 0.500000
125, 8, 10, 14, 0.800000, 0.571429
126, 2, 10, 2, 0.200000, 1.000000
127, 4, 10, 14, 0.400000, 0.285714
128, 7, 10, 14, 0.700000, 0.500000
129, 6, 10, 10, 0.600000, 0.600000
130, 4, 10, 19, 0.400000, 0.210526
131, 10, 10, 22, 1.000000, 0.454545
132, 8, 10, 35, 0.800000, 0.228571
133, 8, 10, 31, 0.800000, 0.258065
134, 3, 10, 14, 0.300000, 0.214286
135, 8, 10, 22, 0.800000, 0.363636
136, 5, 10, 13, 0.500000, 0.384615
137, 4, 10, 9, 0.400000, 0.444444
138, 4, 10, 5, 0.400000, 0.800000
139, 10, 10, 42, 1.000000, 0.238095
140, 10, 10, 20, 1.000000, 0.500000
141, 10, 10, 27, 1.000000, 0.370370
142, 7, 10, 27, 0.700000, 0.259259
143, 5, 10, 16, 0.500000, 0.312500
144, 3, 10, 8, 0.300000, 0.375000
145, 3, 10, 3, 0.300000, 1.000000
146, 10, 10, 26, 1.000000, 0.384615
147, 10, 10, 18, 1.000000, 0.555556
148, 5, 10, 9, 0.500000, 0.555556
149, 2, 10, 9, 0.200000, 0.222222
150, 9, 10, 30, 0.900000, 0.300000
151, 4, 10, 6, 0.400000, 0.666667
152, 10, 10, 26, 1.000000, 0.384615
153, 1, 10, 5, 0.100000, 0.200000
154, 3, 10, 11, 0.300000, 0.272727
155, 9, 10, 24, 0.900000, 0.375000
156, 9, 10, 26, 0.900000, 0.346154
157, 1, 10, 3, 0.100000, 0.333333
158, 10, 10, 26, 1.000000, 0.384615
159, 10, 10, 24, 1.000000, 0.416667
160, 10, 10, 35, 1.000000, 0.285714
161, 6, 10, 15, 0.600000, 0.400000
162, 3, 10, 6, 0.300000, 0.500000
163, 10, 10, 18, 1.000000, 0.555556
164, 10, 10, 18, 1.000000, 0.555556
165, 7, 10, 13, 0.700000, 0.538462
167, 10, 10, 21, 1.000000, 0.476190
168, 8, 10, 11, 0.800000, 0.727273
169, 8, 10, 12, 0.800000, 0.666667
171, 8, 10, 19, 0.800000, 0.421053
172, 9, 10, 29, 0.900000, 0.310345
173, 10, 10, 26, 1.000000, 0.384615
174, 10, 10, 25, 1.000000, 0.400000
175, 8, 10, 11, 0.800000, 0.727273
176, 10, 10, 25, 1.000000, 0.400000
177, 9, 10, 37, 0.900000, 0.243243
178, 9, 10, 46, 0.900000, 0.195652
179, 10, 10, 18, 1.000000, 0.555556
180, 8, 10, 12, 0.800000, 0.666667
181, 3, 10, 3, 0.300000, 1.000000
182, 7, 10, 24, 0.700000, 0.291667
184, 10, 10, 12, 1.000000, 0.833333
185, 3, 10, 16, 0.300000, 0.187500
186, 10, 10, 28, 1.000000, 0.357143
187, 5, 10, 5, 0.500000, 1.000000
188, 5, 10, 18, 0.500000, 0.277778
189, 2, 10, 4, 0.200000, 0.500000
190, 6, 10, 9, 0.600000, 0.666667
191, 9, 10, 13, 0.900000, 0.692308
192, 8, 10, 17, 0.800000, 0.470588
193, 10, 10, 41, 1.000000, 0.243902
194, 3, 10, 16, 0.300000, 0.187500
195, 10, 10, 12, 1.000000, 0.833333
196, 3, 10, 3, 0.300000, 1.000000
197, 10, 10, 26, 1.000000, 0.384615
198, 4, 10, 22, 0.400000, 0.181818
199, 6, 10, 21, 0.600000, 0.285714
200, 6, 10, 13, 0.600000, 0.461538
201, 8, 10, 18, 0.800000, 0.444444
202, 2, 10, 5, 0.200000, 0.400000
203, 10, 10, 24, 1.000000, 0.416667
204, 2, 10, 2, 0.200000, 1.000000
206, 3, 10, 12, 0.300000, 0.250000
207, 4, 10, 4, 0.400000, 1.000000
208, 4, 10, 23, 0.400000, 0.173913
209, 10, 10, 15, 1.000000, 0.666667
210, 9, 10, 29, 0.900000, 0.310345
211, 9, 10, 39, 0.900000, 0.230769
212, 7, 10, 24, 0.700000, 0.291667
213, 9, 10, 26, 0.900000, 0.346154
214, 7, 10, 9, 0.700000, 0.777778
215, 6, 10, 10, 0.600000, 0.600000
216, 1, 10, 4, 0.100000, 0.250000
217, 10, 10, 26, 1.000000, 0.384615
218, 9, 10, 31, 0.900000, 0.290323
219, 10, 10, 46, 1.000000, 0.217391
220, 6, 10, 19, 0.600000, 0.315789
221, 9, 10, 13, 0.900000, 0.692308
222, 4, 10, 10, 0.400000, 0.400000
223, 4, 10, 8, 0.400000, 0.500000
224, 8, 10, 15, 0.800000, 0.533333
225, 9, 10, 11, 0.900000, 0.818182
226, 10, 10, 20, 1.000000, 0.500000
227, 9, 10, 17, 0.900000, 0.529412
228, 10, 10, 30, 1.000000, 0.333333
229, 6, 10, 13, 0.600000, 0.461538
230, 10, 10, 34, 1.000000, 0.294118
231, 6, 10, 9, 0.600000, 0.666667
232, 4, 10, 14, 0.400000, 0.285714
233, 2, 10, 3, 0.200000, 0.666667
234, 10, 10, 24, 1.000000, 0.416667
235, 9, 10, 28, 0.900000, 0.321429
236, 4, 10, 18, 0.400000, 0.222222
237, 1, 10, 4, 0.100000, 0.250000
238, 10, 10, 23, 1.000000, 0.434783
239, 5, 10, 11, 0.500000, 0.454545
240, 2, 10, 2, 0.200000, 1.000000
241, 10, 10, 16, 1.000000, 0.625000
242, 6, 10, 12, 0.600000, 0.500000
243, 10, 10, 14, 1.000000, 0.714286
244, 4, 10, 8, 0.400000, 0.500000
245, 10, 10, 25, 1.000000, 0.400000
246, 5, 10, 11, 0.500000, 0.454545
247, 1, 10, 7, 0.100000, 0.142857
248, 7, 10, 10, 0.700000, 0.700000
249, 10, 10, 33, 1.000000, 0.303030
250, 5, 10, 10, 0.500000, 0.500000
251, 9, 10, 17, 0.900000, 0.529412
252, 8, 10, 25, 0.800000, 0.320000
253, 7, 10, 18, 0.700000, 0.388889
254, 6, 10, 7, 0.600000, 0.857143
255, 0, 10, 2, 0.000000, 0.000000
256, 10, 10, 33, 1.000000, 0.303030
257, 3, 10, 5, 0.300000, 0.600000
258, 10, 10, 25, 1.000000, 0.400000
259, 10, 10, 36, 1.000000, 0.277778
260, 7, 10, 18, 0.700000, 0.388889
261, 3, 10, 8, 0.300000, 0.375000
262, 2, 10, 5, 0.200000, 0.400000
263, 6, 10, 14, 0.600000, 0.428571
264, 9, 10, 18, 0.900000, 0.500000
265, 10, 10, 49, 1.000000, 0.204082
266, 9, 10, 54, 0.900000, 0.166667
267, 8, 10, 15, 0.800000, 0.533333
268, 1, 10, 8, 0.100000, 0.125000
269, 10, 10, 32, 1.000000, 0.312500
270, 6, 10, 9, 0.600000, 0.666667
271, 3, 10, 6, 0.300000, 0.500000
272, 9, 10, 23, 0.900000, 0.391304
273, 10, 10, 20, 1.000000, 0.500000
274, 2, 10, 8, 0.200000, 0.250000
275, 8, 10, 43, 0.800000, 0.186047
276, 9, 10, 18, 0.900000, 0.500000
277, 4, 10, 5, 0.400000, 0.800000
278, 10, 10, 30, 1.000000, 0.333333
279, 7, 10, 34, 0.700000, 0.205882
280, 5, 10, 10, 0.500000, 0.500000
281, 8, 10, 23, 0.800000, 0.347826
282, 1, 10, 2, 0.100000, 0.500000
283, 2, 10, 2, 0.200000, 1.000000
284, 4, 10, 4, 0.400000, 1.000000
285, 3, 10, 4, 0.300000, 0.750000
286, 9, 10, 22, 0.900000, 0.409091
287, 9, 10, 9, 0.900000, 1.000000
288, 10, 10, 47, 1.000000, 0.212766
289, 10, 10, 41, 1.000000, 0.243902
290, 8, 10, 13, 0.800000, 0.615385
291, 4, 10, 10, 0.400000, 0.400000
292, 9, 10, 32, 0.900000, 0.281250
293, 9, 10, 29, 0.900000, 0.310345
294, 9, 10, 25, 0.900000, 0.360000
295, 9, 10, 18, 0.900000, 0.500000
296, 9, 10, 35, 0.900000, 0.257143
297, 6, 10, 10, 0.600000, 0.600000
298, 8, 10, 23, 0.800000, 0.347826
299, 10, 10, 16, 1.000000, 0.625000
300, 3, 10, 4, 0.300000, 0.750000
301, 7, 10, 21, 0.700000, 0.333333
302, 4, 10, 7, 0.400000, 0.571429
303, 10, 10, 23, 1.000000, 0.434783
304, 9, 10, 28, 0.900000, 0.321429
305, 3, 10, 5, 0.300000, 0.600000
306, 9, 10, 34, 0.900000, 0.264706
307, 8, 10, 17, 0.800000, 0.470588
308, 2, 10, 5, 0.200000, 0.400000
309, 9, 10, 18, 0.900000, 0.500000
310, 10, 10, 28, 1.000000, 0.357143
311, 10, 10, 23, 1.000000, 0.434783
312, 3, 10, 5, 0.300000, 0.600000
313, 2, 10, 10, 0.200000, 0.200000
314, 6, 10, 7, 0.600000, 0.857143
315, 10, 10, 26, 1.000000, 0.384615
316, 4, 10, 4, 0.400000, 1.000000
317, 2, 10, 7, 0.200000, 0.285714
318, 3, 10, 3, 0.300000, 1.000000
319, 2, 10, 9, 0.200000, 0.222222
320, 7, 10, 37, 0.700000, 0.189189
321, 5, 10, 10, 0.500000, 0.500000
322, 9, 10, 17, 0.900000, 0.529412
323, 6, 10, 7, 0.600000, 0.857143
324, 8, 10, 8, 0.800000, 1.000000
325, 1, 10, 5, 0.100000, 0.200000
326, 5, 10, 10, 0.500000, 0.500000
327, 9, 10, 13, 0.900000, 0.692308
328, 2, 10, 2, 0.200000, 1.000000
329, 4, 10, 8, 0.400000, 0.500000
330, 10, 10, 42, 1.000000, 0.238095
331, 0, 10, 2, 0.000000, 0.000000
332, 8, 10, 19, 0.800000, 0.421053
334, 6, 10, 6, 0.600000, 1.000000
335, 6, 10, 15, 0.600000, 0.400000
336, 5, 10, 6, 0.500000, 0.833333
337, 6, 10, 15, 0.600000, 0.400000
338, 10, 10, 30, 1.000000, 0.333333
339, 2, 10, 4, 0.200000, 0.500000
340, 3, 10, 4, 0.300000, 0.750000
341, 4, 10, 5, 0.400000, 0.800000
342, 7, 10, 20, 0.700000, 0.350000
343, 10, 10, 19, 1.000000, 0.526316
344, 8, 10, 11, 0.800000, 0.727273
345, 7, 10, 18, 0.700000, 0.388889
346, 3, 10, 4, 0.300000, 0.750000
347, 8, 10, 14, 0.800000, 0.571429
348, 8, 10, 10, 0.800000, 0.800000
349, 7, 10, 11, 0.700000, 0.636364
350, 6, 10, 7, 0.600000, 0.857143
351, 6, 10, 14, 0.600000, 0.428571
352, 2, 10, 3, 0.200000, 0.666667
353, 7, 10, 7, 0.700000, 1.000000
354, 1, 10, 1, 0.100000, 1.000000
355, 9, 10, 31, 0.900000, 0.290323
356, 10, 10, 27, 1.000000, 0.370370
357, 7, 10, 10, 0.700000, 0.700000
358, 10, 10, 18, 1.000000, 0.555556
359, 9, 10, 41, 0.900000, 0.219512
360, 10, 10, 18, 1.000000, 0.555556
361, 2, 10, 2, 0.200000, 1.000000
362, 10, 10, 27, 1.000000, 0.370370
363, 8, 10, 15, 0.800000, 0.533333
364, 10, 10, 31, 1.000000, 0.322581
365, 6, 10, 13, 0.600000, 0.461538
366, 2, 10, 2, 0.200000, 1.000000
367, 10, 10, 16, 1.000000, 0.625000
368, 1, 10, 3, 0.100000, 0.333333
369, 6, 10, 6, 0.600000, 1.000000
370, 4, 10, 18, 0.400000, 0.222222
371, 1, 10, 6, 0.100000, 0.166667
372, 10, 10, 43, 1.000000, 0.232558
373, 8, 10, 8, 0.800000, 1.000000
374, 3, 10, 6, 0.300000, 0.500000
375, 10, 10, 42, 1.000000, 0.238095
376, 9, 10, 10, 0.900000, 0.900000
377, 8, 10, 30, 0.800000, 0.266667
378, 5, 10, 9, 0.500000, 0.555556
379, 5, 10, 12, 0.500000, 0.416667
380, 10, 10, 16, 1.000000, 0.625000
381, 0, 10, 5, 0.000000, 0.000000
382, 5, 10, 12, 0.500000, 0.416667
383, 7, 10, 15, 0.700000, 0.466667
384, 3, 10, 4, 0.300000, 0.750000
385, 8, 10, 14, 0.800000, 0.571429
386, 6, 10, 8, 0.600000, 0.750000
387, 7, 10, 14, 0.700000, 0.500000
388, 5, 10, 6, 0.500000, 0.833333
389, 4, 10, 5, 0.400000, 0.800000
390, 10, 10, 27, 1.000000, 0.370370
391, 10, 10, 23, 1.000000, 0.434783
392, 10, 10, 22, 1.000000, 0.454545
393, 6, 10, 9, 0.600000, 0.666667
394, 8, 10, 27, 0.800000, 0.296296
395, 1, 10, 1, 0.100000, 1.000000
396, 6, 10, 10, 0.600000, 0.600000
397, 2, 10, 2, 0.200000, 1.000000
398, 5, 10, 21, 0.500000, 0.238095
399, 10, 10, 30, 1.000000, 0.333333
400, 10, 10, 30, 1.000000, 0.333333
401, 4, 10, 11, 0.400000, 0.363636
402, 4, 10, 8, 0.400000, 0.500000
403, 4, 10, 7, 0.400000, 0.571429
404, 10, 10, 24, 1.000000, 0.416667
405, 10, 10, 27, 1.000000, 0.370370
406, 1, 10, 3, 0.100000, 0.333333
407, 2, 10, 7, 0.200000, 0.285714
408, 7, 10, 7, 0.700000, 1.000000
410, 10, 10, 32, 1.000000, 0.312500
411, 2, 10, 6, 0.200000, 0.333333
412, 1, 10, 4, 0.100000, 0.250000
413, 8, 10, 15, 0.800000, 0.533333
414, 6, 10, 9, 0.600000, 0.666667
415, 7, 10, 15, 0.700000, 0.466667
416, 4, 10, 5, 0.400000, 0.800000
417, 4, 10, 5, 0.400000, 0.800000
418, 4, 10, 5, 0.400000, 0.800000
419, 5, 10, 8, 0.500000, 0.625000
420, 9, 10, 13, 0.900000, 0.692308
421, 10, 10, 17, 1.000000, 0.588235
422, 6, 10, 6, 0.600000, 1.000000
423, 8, 10, 30, 0.800000, 0.266667
424, 9, 10, 15, 0.900000, 0.600000
425, 4, 10, 6, 0.400000, 0.666667
426, 8, 10, 11, 0.800000, 0.727273
427, 9, 10, 11, 0.900000, 0.818182
428, 9, 10, 21, 0.900000, 0.428571
429, 9, 10, 28, 0.900000, 0.321429
430, 6, 10, 13, 0.600000, 0.461538
431, 5, 10, 9, 0.500000, 0.555556
432, 9, 10, 10, 0.900000, 0.900000
433, 10, 10, 18, 1.000000, 0.555556
434, 1, 10, 1, 0.100000, 1.000000
435, 1, 10, 3, 0.100000, 0.333333
436, 4, 10, 18, 0.400000, 0.222222
437, 4, 10, 4, 0.400000, 1.000000
438, 2, 10, 2, 0.200000, 1.000000
439, 9, 10, 17, 0.900000, 0.529412
440, 1, 10, 3, 0.100000, 0.333333
441, 10, 10, 15, 1.000000, 0.666667
442, 4, 10, 6, 0.400000, 0.666667
443, 3, 10, 10, 0.300000, 0.300000
444, 7, 10, 15, 0.700000, 0.466667
445, 10, 10, 11, 1.000000, 0.909091
447, 3, 10, 7, 0.300000, 0.428571
448, 5, 10, 7, 0.500000, 0.714286
449, 9, 10, 28, 0.900000, 0.321429
450, 9, 10, 13, 0.900000, 0.692308
451, 9, 10, 18, 0.900000, 0.500000
452, 10, 10, 12, 1.000000, 0.833333
453, 10, 10, 19, 1.000000, 0.526316
454, 10, 10, 20, 1.000000, 0.500000
455, 10, 10, 22, 1.000000, 0.454545
456, 1, 10, 9, 0.100000, 0.111111
457, 6, 10, 27, 0.600000, 0.222222
458, 5, 10, 5, 0.500000, 1.000000
459, 10, 10, 21, 1.000000, 0.476190
460, 10, 10, 22, 1.000000, 0.454545
461, 9, 10, 12, 0.900000, 0.750000
462, 3, 10, 5, 0.300000, 0.600000
463, 10, 10, 20, 1.000000, 0.500000
464, 10, 10, 11, 1.000000, 0.909091
465, 2, 10, 2, 0.200000, 1.000000
466, 8, 10, 11, 0.800000, 0.727273
467, 5, 10, 11, 0.500000, 0.454545
468, 10, 10, 31, 1.000000, 0.322581
469, 6, 10, 9, 0.600000, 0.666667
470, 10, 10, 15, 1.000000, 0.666667
471, 5, 10, 10, 0.500000, 0.500000
472, 5, 10, 6, 0.500000, 0.833333
473, 5, 10, 14, 0.500000, 0.357143
474, 8, 10, 25, 0.800000, 0.320000
475, 6, 10, 7, 0.600000, 0.857143
476, 7, 10, 7, 0.700000, 1.000000
477, 8, 10, 23, 0.800000, 0.347826
478, 4, 10, 19, 0.400000, 0.210526
479, 2, 10, 2, 0.200000, 1.000000
480, 7, 10, 9, 0.700000, 0.777778
481, 9, 10, 15, 0.900000, 0.600000
482, 10, 10, 19, 1.000000, 0.526316
484, 2, 10, 8, 0.200000, 0.250000
485, 10, 10, 25, 1.000000, 0.400000
486, 2, 10, 2, 0.200000, 1.000000
487, 8, 10, 16, 0.800000, 0.500000
488, 0, 10, 2, 0.000000, 0.000000
489, 10, 10, 36, 1.000000, 0.277778
490, 9, 10, 24, 0.900000, 0.375000
491, 10, 10, 20, 1.000000, 0.500000
492, 10, 10, 36, 1.000000, 0.277778
493, 10, 10, 24, 1.000000, 0.416667
494, 6, 10, 6, 0.600000, 1.000000
495, 6, 10, 14, 0.600000, 0.428571
496, 4, 10, 10, 0.400000, 0.400000
497, 1, 10, 2, 0.100000, 0.500000
498, 9, 10, 15, 0.900000, 0.600000
499, 5, 10, 8, 0.500000, 0.625000
500, 2, 10, 2, 0.200000, 1.000000
501, 5, 10, 10, 0.500000, 0.500000
502, 7, 10, 20, 0.700000, 0.350000
503, 5, 10, 13, 0.500000, 0.384615
504, 3, 10, 5, 0.300000, 0.600000
505, 10, 10, 24, 1.000000, 0.416667
506, 3, 10, 4, 0.300000, 0.750000
507, 10, 10, 21, 1.000000, 0.476190
508, 2, 10, 2, 0.200000, 1.000000
509, 4, 10, 7, 0.400000, 0.571429
510, 1, 10, 1, 0.100000, 1.000000
511, 3, 10, 4, 0.300000, 0.750000
512, 6, 10, 11, 0.600000, 0.545455
513, 1, 10, 2, 0.100000, 0.500000
514, 4, 10, 7, 0.400000, 0.571429
515, 10, 10, 23, 1.000000, 0.434783
517, 2, 10, 4, 0.200000, 0.500000
518, 7, 10, 10, 0.700000, 0.700000
519, 9, 10, 18, 0.900000, 0.500000
520, 10, 10, 32, 1.000000, 0.312500
521, 7, 10, 19, 0.700000, 0.368421
522, 7, 10, 9, 0.700000, 0.777778
523, 2, 10, 4, 0.200000, 0.500000
524, 2, 10, 4, 0.200000, 0.500000
525, 9, 10, 20, 0.900000, 0.450000
526, 2, 10, 3, 0.200000, 0.666667
527, 1, 10, 4, 0.100000, 0.250000
528, 1, 10, 1, 0.100000, 1.000000
529, 6, 10, 17, 0.600000, 0.352941
530, 3, 10, 7, 0.300000, 0.428571
531, 1, 10, 2, 0.100000, 0.500000
532, 10, 10, 29, 1.000000, 0.344828
533, 5, 10, 15, 0.500000, 0.333333
534, 7, 10, 8, 0.700000, 0.875000
535, 6, 10, 6, 0.600000, 1.000000
536, 4, 10, 29, 0.400000, 0.137931
537, 8, 10, 14, 0.800000, 0.571429
538, 5, 10, 11, 0.500000, 0.454545
539, 4, 10, 7, 0.400000, 0.571429
540, 8, 10, 13, 0.800000, 0.615385
541, 5, 10, 6, 0.500000, 0.833333
542, 1, 10, 1, 0.100000, 1.000000
543, 3, 10, 5, 0.300000, 0.600000
544, 2, 10, 2, 0.200000, 1.000000
545, 10, 10, 13, 1.000000, 0.769231
546, 4, 10, 5, 0.400000, 0.800000
547, 9, 10, 17, 0.900000, 0.529412
548, 4, 10, 5, 0.400000, 0.800000
549, 4, 10, 8, 0.400000, 0.500000
550, 5, 10, 6, 0.500000, 0.833333
551, 10, 10, 21, 1.000000, 0.476190
552, 10, 10, 19, 1.000000, 0.526316
553, 3, 10, 4, 0.300000, 0.750000
554, 6, 10, 8, 0.600000, 0.750000
555, 7, 10, 7, 0.700000, 1.000000
557, 8, 10, 22, 0.800000, 0.363636
558, 2, 10, 3, 0.200000, 0.666667
560, 5, 10, 15, 0.500000, 0.333333
561, 6, 10, 9, 0.600000, 0.666667
562, 3, 10, 9, 0.300000, 0.333333
563, 5, 10, 10, 0.500000, 0.500000
564, 5, 10, 5, 0.500000, 1.000000
565, 8, 10, 8, 0.800000, 1.000000
566, 0, 10, 1, 0.000000, 0.000000
567, 1, 10, 1, 0.100000, 1.000000
568, 4, 10, 6, 0.400000, 0.666667
569, 9, 10, 22, 0.900000, 0.409091
570, 9, 10, 12, 0.900000, 0.750000
571, 10, 10, 13, 1.000000, 0.769231
572, 10, 10, 16, 1.000000, 0.625000
573, 5, 10, 7, 0.500000, 0.714286
574, 4, 10, 4, 0.400000, 1.000000
575, 4, 10, 5, 0.400000, 0.800000
576, 6, 10, 8, 0.600000, 0.750000
577, 4, 10, 10, 0.400000, 0.400000
578, 9, 10, 37, 0.900000, 0.243243
579, 6, 10, 12, 0.600000, 0.500000
580, 8, 10, 11, 0.800000, 0.727273
581, 2, 10, 8, 0.200000, 0.250000
582, 2, 10, 3, 0.200000, 0.666667
584, 6, 10, 18, 0.600000, 0.333333
585, 8, 10, 29, 0.800000, 0.275862
587, 5, 10, 12, 0.500000, 0.416667
588, 1, 10, 1, 0.100000, 1.000000
589, 4, 10, 9, 0.400000, 0.444444
591, 2, 10, 5, 0.200000, 0.400000
592, 3, 10, 4, 0.300000, 0.750000
593, 10, 10, 14, 1.000000, 0.714286
594, 4, 10, 8, 0.400000, 0.500000
595, 2, 10, 3, 0.200000, 0.666667
596, 7, 10, 13, 0.700000, 0.538462
597, 4, 10, 7, 0.400000, 0.571429
598, 1, 10, 3, 0.100000, 0.333333
599, 3, 10, 4, 0.300000, 0.750000
600, 3, 10, 4, 0.300000, 0.750000
601, 0, 10, 2, 0.000000, 0.000000
602, 2, 10, 6, 0.200000, 0.333333
603, 6, 10, 7, 0.600000, 0.857143
604, 2, 10, 3, 0.200000, 0.666667
605, 4, 10, 5, 0.400000, 0.800000
606, 4, 10, 4, 0.400000, 1.000000
608, 1, 10, 3, 0.100000, 0.333333
609, 5, 10, 15, 0.500000, 0.333333
610, 5, 10, 11, 0.500000, 0.454545
611, 4, 10, 8, 0.400000, 0.500000
612, 2, 10, 2, 0.200000, 1.000000
613, 6, 10, 7, 0.600000, 0.857143
614, 2, 10, 2, 0.200000, 1.000000
615, 3, 10, 6, 0.300000, 0.500000
616, 8, 10, 12, 0.800000, 0.666667
617, 1, 10, 1, 0.100000, 1.000000
618, 7, 10, 12, 0.700000, 0.583333
619, 9, 10, 15, 0.900000, 0.600000
620, 4, 10, 10, 0.400000, 0.400000
621, 2, 10, 5, 0.200000, 0.400000
622, 3, 10, 4, 0.300000, 0.750000
624, 0, 10, 3, 0.000000, 0.000000
625, 4, 10, 8, 0.400000, 0.500000
626, 4, 10, 5, 0.400000, 0.800000
627, 5, 10, 15, 0.500000, 0.333333
628, 9, 10, 13, 0.900000, 0.692308
629, 8, 10, 14, 0.800000, 0.571429
630, 6, 10, 7, 0.600000, 0.857143
631, 2, 10, 3, 0.200000, 0.666667
632, 7, 10, 7, 0.700000, 1.000000
633, 1, 10, 4, 0.100000, 0.250000
634, 4, 10, 4, 0.400000, 1.000000
635, 2, 10, 2, 0.200000, 1.000000
636, 1, 10, 1, 0.100000, 1.000000
637, 7, 10, 7, 0.700000, 1.000000
638, 2, 10, 2, 0.200000, 1.000000
639, 2, 10, 2, 0.200000, 1.000000
640, 4, 10, 5, 0.400000, 0.800000
641, 2, 10, 4, 0.200000, 0.500000
642, 2, 10, 3, 0.200000, 0.666667
643, 5, 10, 7, 0.500000, 0.714286
644, 4, 10, 16, 0.400000, 0.250000
645, 10, 10, 15, 1.000000, 0.666667
646, 2, 10, 3, 0.200000, 0.666667
647, 9, 10, 11, 0.900000, 0.818182
648, 3, 10, 4, 0.300000, 0.750000
649, 3, 10, 6, 0.300000, 0.500000
650, 2, 10, 3, 0.200000, 0.666667
651, 2, 10, 2, 0.200000, 1.000000
652, 7, 10, 13, 0.700000, 0.538462
653, 4, 10, 12, 0.400000, 0.333333
654, 6, 10, 6, 0.600000, 1.000000
655, 6, 10, 6, 0.600000, 1.000000
656, 6, 10, 6, 0.600000, 1.000000
657, 1, 10, 5, 0.100000, 0.200000
658, 1, 10, 1, 0.100000, 1.000000
659, 7, 10, 7, 0.700000, 1.000000
660, 4, 10, 4, 0.400000, 1.000000
661, 5, 10, 12, 0.500000, 0.416667
662, 3, 10, 3, 0.300000, 1.000000
664, 6, 10, 6, 0.600000, 1.000000
665, 9, 10, 10, 0.900000, 0.900000
666, 2, 10, 6, 0.200000, 0.333333
667, 1, 10, 1, 0.100000, 1.000000
669, 3, 10, 4, 0.300000, 0.750000
670, 5, 10, 5, 0.500000, 1.000000
671, 2, 10, 2, 0.200000, 1.000000
672, 1, 10, 4, 0.100000, 0.250000
673, 2, 10, 5, 0.200000, 0.400000
674, 4, 10, 4, 0.400000, 1.000000
675, 2, 10, 2, 0.200000, 1.000000
676, 6, 10, 8, 0.600000, 0.750000
677, 2, 10, 2, 0.200000, 1.000000
678, 2, 10, 3, 0.200000, 0.666667
679, 8, 10, 11, 0.800000, 0.727273
680, 5, 10, 6, 0.500000, 0.833333
681, 1, 10, 1, 0.100000, 1.000000
682, 3, 10, 3, 0.300000, 1.000000
683, 0, 10, 1, 0.000000, 0.000000
684, 0, 10, 1, 0.000000, 0.000000
685, 8, 10, 8, 0.800000, 1.000000
686, 2, 10, 3, 0.200000, 0.666667
687, 4, 10, 4, 0.400000, 1.000000
688, 1, 10, 4, 0.100000, 0.250000
689, 6, 10, 14, 0.600000, 0.428571
690, 2, 10, 4, 0.200000, 0.500000
691, 0, 10, 1, 0.000000, 0.000000
692, 3, 10, 3, 0.300000, 1.000000
693, 9, 10, 14, 0.900000, 0.642857
694, 6, 10, 8, 0.600000, 0.750000
695, 4, 10, 4, 0.400000, 1.000000
696, 3, 10, 3, 0.300000, 1.000000
697, 3, 10, 3, 0.300000, 1.000000
698, 2, 10, 3, 0.200000, 0.666667
699, 0, 10, 1, 0.000000, 0.000000
700, 3, 10, 3, 0.300000, 1.000000
701, 2, 10, 2, 0.200000, 1.000000
702, 4, 10, 7, 0.400000, 0.571429
703, 5, 10, 6, 0.500000, 0.833333
704, 2, 10, 2, 0.200000, 1.000000
707, 2, 10, 3, 0.200000, 0.666667
708, 1, 10, 1, 0.100000, 1.000000
709, 8, 10, 10, 0.800000, 0.800000
710, 2, 10, 2, 0.200000, 1.000000
711, 4, 10, 4, 0.400000, 1.000000
712, 1, 10, 2, 0.100000, 0.500000
713, 3, 10, 3, 0.300000, 1.000000
714, 3, 10, 3, 0.300000, 1.000000
715, 3, 10, 3, 0.300000, 1.000000
716, 5, 10, 5, 0.500000, 1.000000
717, 0, 10, 3, 0.000000, 0.000000
718, 0, 10, 1, 0.000000, 0.000000
719, 3, 10, 3, 0.300000, 1.000000
720, 3, 10, 6, 0.300000, 0.500000
721, 2, 10, 3, 0.200000, 0.666667
722, 0, 10, 3, 0.000000, 0.000000
723, 2, 10, 3, 0.200000, 0.666667
724, 2, 10, 2, 0.200000, 1.000000
725, 4, 10, 8, 0.400000, 0.500000
726, 3, 10, 6, 0.300000, 0.500000
727, 4, 10, 4, 0.400000, 1.000000
728, 3, 10, 3, 0.300000, 1.000000
729, 1, 10, 1, 0.100000, 1.000000
730, 2, 10, 2, 0.200000, 1.000000
731, 1, 10, 1, 0.100000, 1.000000
732, 3, 10, 3, 0.300000, 1.000000
733, 4, 10, 8, 0.400000, 0.500000
734, 1, 10, 2, 0.100000, 0.500000
735, 0, 10, 1, 0.000000, 0.000000
736, 1, 10, 1, 0.100000, 1.000000
737, 1, 10, 1, 0.100000, 1.000000
739, 4, 10, 8, 0.400000, 0.500000
740, 9, 10, 10, 0.900000, 0.900000
742, 2, 10, 5, 0.200000, 0.400000
743, 1, 10, 1, 0.100000, 1.000000
744, 2, 10, 4, 0.200000, 0.500000
746, 0, 10, 2, 0.000000, 0.000000
748, 6, 10, 9, 0.600000, 0.666667
749, 6, 10, 6, 0.600000, 1.000000
750, 2, 10, 2, 0.200000, 1.000000
751, 3, 10, 4, 0.300000, 0.750000
752, 3, 10, 5, 0.300000, 0.600000
753, 3, 10, 3, 0.300000, 1.000000
755, 9, 10, 10, 0.900000, 0.900000
756, 1, 10, 1, 0.100000, 1.000000
757, 1, 10, 1, 0.100000, 1.000000
759, 3, 10, 4, 0.300000, 0.750000
760, 2, 10, 2, 0.200000, 1.000000
761, 2, 10, 6, 0.200000, 0.333333
762, 2, 10, 2, 0.200000, 1.000000
763, 2, 10, 3, 0.200000, 0.666667
765, 1, 10, 1, 0.100000, 1.000000
766, 2, 10, 2, 0.200000, 1.000000
767, 0, 10, 1, 0.000000, 0.000000
770, 1, 10, 1, 0.100000, 1.000000
771, 1, 10, 1, 0.100000, 1.000000
772, 1, 10, 1, 0.100000, 1.000000
773, 1, 10, 1, 0.100000, 1.000000
776, 1, 10, 4, 0.100000, 0.250000
777, 1, 10, 1, 0.100000, 1.000000
780, 1, 10, 1, 0.100000, 1.000000
781, 6, 10, 6, 0.600000, 1.000000
782, 2, 10, 2, 0.200000, 1.000000
783, 4, 10, 4, 0.400000, 1.000000
784, 1, 10, 1, 0.100000, 1.000000
786, 1, 10, 2, 0.100000, 0.500000
787, 3, 10, 3, 0.300000, 1.000000
788, 4, 10, 6, 0.400000, 0.666667
789, 0, 10, 1, 0.000000, 0.000000
790, 2, 10, 2, 0.200000, 1.000000
791, 0, 10, 4, 0.000000, 0.000000
793, 1, 10, 1, 0.100000, 1.000000
794, 3, 10, 3, 0.300000, 1.000000
795, 2, 10, 2, 0.200000, 1.000000
798, 1, 10, 1, 0.100000, 1.000000
799, 3, 10, 3, 0.300000, 1.000000
800, 1, 10, 1, 0.100000, 1.000000
802, 0, 10, 1, 0.000000, 0.000000
803, 0, 10, 1, 0.000000, 0.000000
806, 2, 10, 4, 0.200000, 0.500000
807, 2, 10, 2, 0.200000, 1.000000
808, 1, 10, 1, 0.100000, 1.000000
812, 0, 10, 2, 0.000000, 0.000000
813, 3, 10, 3, 0.300000, 1.000000
815, 1, 10, 1, 0.100000, 1.000000
816, 1, 10, 1, 0.100000, 1.000000
818, 0, 10, 1, 0.000000, 0.000000
821, 2, 10, 2, 0.200000, 1.000000
822, 2, 10, 2, 0.200000, 1.000000
826, 1, 10, 1, 0.100000, 1.000000
827, 1, 10, 1, 0.100000, 1.000000
828, 0, 10, 1, 0.000000, 0.000000
829, 0, 10, 1, 0.000000, 0.000000
830, 1, 10, 1, 0.100000, 1.000000
834, 2, 10, 3, 0.200000, 0.666667
837, 0, 10, 1, 0.000000, 0.000000
