1, 7, 200, 9, 0.035000, 0.777778
2, 9, 200, 14, 0.045000, 0.642857
3, 1, 200, 1, 0.005000, 1.000000
4, 5, 200, 7, 0.025000, 0.714286
5, 0, 200, 1, 0.000000, 0.000000
9, 2, 200, 3, 0.010000, 0.666667
12, 5, 200, 7, 0.025000, 0.714286
13, 4, 200, 5, 0.020000, 0.800000
14, 4, 200, 6, 0.020000, 0.666667
20, 4, 200, 6, 0.020000, 0.666667
23, 1, 200, 1, 0.005000, 1.000000
25, 4, 200, 6, 0.020000, 0.666667
26, 14, 200, 23, 0.070000, 0.608696
28, 9, 200, 11, 0.045000, 0.818182
29, 4, 200, 5, 0.020000, 0.800000
30, 6, 200, 8, 0.030000, 0.750000
33, 2, 200, 2, 0.010000, 1.000000
34, 2, 200, 4, 0.010000, 0.500000
35, 0, 200, 1, 0.000000, 0.000000
36, 3, 200, 3, 0.015000, 1.000000
38, 2, 200, 4, 0.010000, 0.500000
39, 1, 200, 2, 0.005000, 0.500000
40, 2, 200, 3, 0.010000, 0.666667
41, 1, 200, 3, 0.005000, 0.333333
42, 1, 200, 1, 0.005000, 1.000000
43, 4, 200, 6, 0.020000, 0.666667
46, 6, 200, 6, 0.030000, 1.000000
47, 3, 200, 5, 0.015000, 0.600000
49, 4, 200, 5, 0.020000, 0.800000
50, 1, 200, 1, 0.005000, 1.000000
51, 2, 200, 2, 0.010000, 1.000000
52, 3, 200, 3, 0.015000, 1.000000
55, 6, 200, 8, 0.030000, 0.750000
56, 1, 200, 2, 0.005000, 0.500000
58, 7, 200, 7, 0.035000, 1.000000
59, 1, 200, 1, 0.005000, 1.000000
60, 3, 200, 4, 0.015000, 0.750000
61, 5, 200, 7, 0.025000, 0.714286
64, 8, 200, 14, 0.040000, 0.571429
66, 1, 200, 1, 0.005000, 1.000000
67, 6, 200, 6, 0.030000, 1.000000
69, 5, 200, 8, 0.025000, 0.625000
70, 12, 200, 12, 0.060000, 1.000000
73, 3, 200, 6, 0.015000, 0.500000
75, 2, 200, 3, 0.010000, 0.666667
78, 3, 200, 3, 0.015000, 1.000000
80, 1, 200, 1, 0.005000, 1.000000
81, 18, 200, 26, 0.090000, 0.692308
82, 8, 200, 10, 0.040000, 0.800000
84, 4, 200, 6, 0.020000, 0.666667
88, 1, 200, 2, 0.005000, 0.500000
89, 0, 200, 1, 0.000000, 0.000000
90, 2, 200, 7, 0.010000, 0.285714
96, 9, 200, 15, 0.045000, 0.600000
97, 1, 200, 1, 0.005000, 1.000000
98, 11, 200, 16, 0.055000, 0.687500
103, 13, 200, 18, 0.065000, 0.722222
104, 1, 200, 1, 0.005000, 1.000000
105, 1, 200, 1, 0.005000, 1.000000
106, 3, 200, 9, 0.015000, 0.333333
107, 24, 200, 38, 0.120000, 0.631579
108, 4, 200, 6, 0.020000, 0.666667
109, 9, 200, 10, 0.045000, 0.900000
110, 0, 200, 1, 0.000000, 0.000000
112, 3, 200, 3, 0.015000, 1.000000
113, 1, 200, 1, 0.005000, 1.000000
116, 1, 200, 2, 0.005000, 0.500000
117, 17, 200, 29, 0.085000, 0.586207
118, 12, 200, 12, 0.060000, 1.000000
119, 0, 200, 3, 0.000000, 0.000000
120, 5, 200, 8, 0.025000, 0.625000
123, 1, 200, 1, 0.005000, 1.000000
124, 4, 200, 4, 0.020000, 1.000000
127, 1, 200, 2, 0.005000, 0.500000
128, 0, 200, 2, 0.000000, 0.000000
129, 7, 200, 7, 0.035000, 1.000000
130, 0, 200, 1, 0.000000, 0.000000
133, 4, 200, 6, 0.020000, 0.666667
136, 1, 200, 4, 0.005000, 0.250000
137, 2, 200, 2, 0.010000, 1.000000
139, 9, 200, 11, 0.045000, 0.818182
140, 14, 200, 16, 0.070000, 0.875000
145, 22, 200, 36, 0.110000, 0.611111
147, 1, 200, 4, 0.005000, 0.250000
149, 4, 200, 4, 0.020000, 1.000000
151, 5, 200, 6, 0.025000, 0.833333
152, 0, 200, 1, 0.000000, 0.000000
153, 3, 200, 5, 0.015000, 0.600000
154, 5, 200, 7, 0.025000, 0.714286
155, 1, 200, 2, 0.005000, 0.500000
156, 2, 200, 7, 0.010000, 0.285714
158, 3, 200, 3, 0.015000, 1.000000
159, 2, 200, 2, 0.010000, 1.000000
160, 1, 200, 2, 0.005000, 0.500000
161, 3, 200, 4, 0.015000, 0.750000
162, 3, 200, 5, 0.015000, 0.600000
164, 1, 200, 1, 0.005000, 1.000000
165, 6, 200, 6, 0.030000, 1.000000
166, 9, 200, 13, 0.045000, 0.692308
168, 14, 200, 24, 0.070000, 0.583333
169, 7, 200, 10, 0.035000, 0.700000
172, 1, 200, 1, 0.005000, 1.000000
173, 3, 200, 10, 0.015000, 0.300000
174, 3, 200, 4, 0.015000, 0.750000
175, 5, 200, 9, 0.025000, 0.555556
179, 5, 200, 5, 0.025000, 1.000000
180, 15, 200, 19, 0.075000, 0.789474
183, 8, 200, 12, 0.040000, 0.666667
184, 3, 200, 7, 0.015000, 0.428571
185, 0, 200, 3, 0.000000, 0.000000
187, 5, 200, 7, 0.025000, 0.714286
188, 1, 200, 1, 0.005000, 1.000000
189, 7, 200, 13, 0.035000, 0.538462
190, 8, 200, 12, 0.040000, 0.666667
191, 6, 200, 7, 0.030000, 0.857143
196, 5, 200, 6, 0.025000, 0.833333
197, 5, 200, 7, 0.025000, 0.714286
199, 1, 200, 1, 0.005000, 1.000000
200, 1, 200, 3, 0.005000, 0.333333
201, 7, 200, 14, 0.035000, 0.500000
202, 2, 200, 2, 0.010000, 1.000000
205, 4, 200, 15, 0.020000, 0.266667
206, 3, 200, 3, 0.015000, 1.000000
207, 1, 200, 1, 0.005000, 1.000000
212, 1, 200, 1, 0.005000, 1.000000
213, 3, 200, 3, 0.015000, 1.000000
215, 6, 200, 6, 0.030000, 1.000000
218, 4, 200, 4, 0.020000, 1.000000
222, 6, 200, 14, 0.030000, 0.428571
223, 1, 200, 3, 0.005000, 0.333333
225, 0, 200, 3, 0.000000, 0.000000
229, 7, 200, 9, 0.035000, 0.777778
230, 2, 200, 4, 0.010000, 0.500000
233, 0, 200, 1, 0.000000, 0.000000
234, 3, 200, 5, 0.015000, 0.600000
237, 9, 200, 12, 0.045000, 0.750000
239, 1, 200, 3, 0.005000, 0.333333
240, 3, 200, 5, 0.015000, 0.600000
241, 4, 200, 4, 0.020000, 1.000000
243, 2, 200, 2, 0.010000, 1.000000
244, 5, 200, 7, 0.025000, 0.714286
245, 3, 200, 3, 0.015000, 1.000000
246, 5, 200, 7, 0.025000, 0.714286
247, 3, 200, 7, 0.015000, 0.428571
248, 5, 200, 8, 0.025000, 0.625000
249, 3, 200, 6, 0.015000, 0.500000
252, 13, 200, 17, 0.065000, 0.764706
255, 0, 200, 1, 0.000000, 0.000000
257, 8, 200, 12, 0.040000, 0.666667
259, 3, 200, 4, 0.015000, 0.750000
262, 0, 200, 1, 0.000000, 0.000000
263, 9, 200, 13, 0.045000, 0.692308
266, 1, 200, 1, 0.005000, 1.000000
267, 2, 200, 3, 0.010000, 0.666667
268, 0, 200, 4, 0.000000, 0.000000
270, 1, 200, 5, 0.005000, 0.200000
273, 6, 200, 12, 0.030000, 0.500000
274, 5, 200, 7, 0.025000, 0.714286
277, 1, 200, 2, 0.005000, 0.500000
279, 0, 200, 1, 0.000000, 0.000000
280, 7, 200, 11, 0.035000, 0.636364
282, 6, 200, 15, 0.030000, 0.400000
283, 9, 200, 18, 0.045000, 0.500000
284, 5, 200, 8, 0.025000, 0.625000
285, 11, 200, 11, 0.055000, 1.000000
289, 1, 200, 2, 0.005000, 0.500000
290, 3, 200, 4, 0.015000, 0.750000
291, 4, 200, 7, 0.020000, 0.571429
292, 1, 200, 3, 0.005000, 0.333333
293, 3, 200, 7, 0.015000, 0.428571
295, 7, 200, 16, 0.035000, 0.437500
296, 1, 200, 2, 0.005000, 0.500000
297, 7, 200, 17, 0.035000, 0.411765
299, 6, 200, 7, 0.030000, 0.857143
301, 1, 200, 3, 0.005000, 0.333333
302, 6, 200, 9, 0.030000, 0.666667
303, 11, 200, 18, 0.055000, 0.611111
304, 1, 200, 1, 0.005000, 1.000000
305, 8, 200, 9, 0.040000, 0.888889
308, 1, 200, 3, 0.005000, 0.333333
309, 4, 200, 7, 0.020000, 0.571429
310, 6, 200, 10, 0.030000, 0.600000
311, 1, 200, 1, 0.005000, 1.000000
312, 13, 200, 18, 0.065000, 0.722222
313, 0, 200, 2, 0.000000, 0.000000
317, 3, 200, 3, 0.015000, 1.000000
320, 1, 200, 1, 0.005000, 1.000000
322, 2, 200, 2, 0.010000, 1.000000
323, 1, 200, 3, 0.005000, 0.333333
324, 7, 200, 13, 0.035000, 0.538462
325, 9, 200, 10, 0.045000, 0.900000
326, 3, 200, 3, 0.015000, 1.000000
327, 11, 200, 15, 0.055000, 0.733333
328, 8, 200, 10, 0.040000, 0.800000
329, 0, 200, 2, 0.000000, 0.000000
331, 9, 200, 17, 0.045000, 0.529412
333, 6, 200, 11, 0.030000, 0.545455
334, 22, 200, 29, 0.110000, 0.758621
336, 4, 200, 8, 0.020000, 0.500000
339, 2, 200, 6, 0.010000, 0.333333
340, 1, 200, 2, 0.005000, 0.500000
341, 2, 200, 5, 0.010000, 0.400000
342, 4, 200, 4, 0.020000, 1.000000
343, 6, 200, 7, 0.030000, 0.857143
345, 1, 200, 1, 0.005000, 1.000000
346, 7, 200, 7, 0.035000, 1.000000
347, 2, 200, 2, 0.010000, 1.000000
348, 5, 200, 10, 0.025000, 0.500000
350, 5, 200, 7, 0.025000, 0.714286
351, 0, 200, 2, 0.000000, 0.000000
352, 4, 200, 6, 0.020000, 0.666667
353, 1, 200, 1, 0.005000, 1.000000
357, 1, 200, 1, 0.005000, 1.000000
358, 3, 200, 4, 0.015000, 0.750000
360, 2, 200, 3, 0.010000, 0.666667
361, 13, 200, 23, 0.065000, 0.565217
362, 1, 200, 1, 0.005000, 1.000000
363, 6, 200, 8, 0.030000, 0.750000
364, 0, 200, 1, 0.000000, 0.000000
365, 3, 200, 3, 0.015000, 1.000000
366, 1, 200, 1, 0.005000, 1.000000
369, 3, 200, 7, 0.015000, 0.428571
370, 5, 200, 11, 0.025000, 0.454545
372, 4, 200, 7, 0.020000, 0.571429
373, 21, 200, 27, 0.105000, 0.777778
374, 4, 200, 5, 0.020000, 0.800000
377, 1, 200, 1, 0.005000, 1.000000
379, 3, 200, 4, 0.015000, 0.750000
380, 6, 200, 9, 0.030000, 0.666667
382, 4, 200, 5, 0.020000, 0.800000
383, 2, 200, 2, 0.010000, 1.000000
384, 5, 200, 6, 0.025000, 0.833333
385, 3, 200, 6, 0.015000, 0.500000
386, 8, 200, 14, 0.040000, 0.571429
387, 5, 200, 7, 0.025000, 0.714286
388, 7, 200, 10, 0.035000, 0.700000
390, 6, 200, 8, 0.030000, 0.750000
393, 2, 200, 3, 0.010000, 0.666667
395, 12, 200, 15, 0.060000, 0.800000
396, 4, 200, 7, 0.020000, 0.571429
397, 4, 200, 5, 0.020000, 0.800000
399, 2, 200, 2, 0.010000, 1.000000
400, 2, 200, 2, 0.010000, 1.000000
401, 2, 200, 3, 0.010000, 0.666667
403, 2, 200, 2, 0.010000, 1.000000
406, 0, 200, 1, 0.000000, 0.000000
407, 4, 200, 8, 0.020000, 0.500000
408, 0, 200, 1, 0.000000, 0.000000
409, 2, 200, 2, 0.010000, 1.000000
410, 19, 200, 22, 0.095000, 0.863636
411, 4, 200, 8, 0.020000, 0.500000
412, 7, 200, 13, 0.035000, 0.538462
413, 1, 200, 1, 0.005000, 1.000000
414, 4, 200, 7, 0.020000, 0.571429
418, 14, 200, 16, 0.070000, 0.875000
419, 7, 200, 9, 0.035000, 0.777778
420, 1, 200, 2, 0.005000, 0.500000
421, 3, 200, 3, 0.015000, 1.000000
422, 18, 200, 25, 0.090000, 0.720000
424, 3, 200, 3, 0.015000, 1.000000
425, 1, 200, 2, 0.005000, 0.500000
428, 6, 200, 7, 0.030000, 0.857143
429, 1, 200, 2, 0.005000, 0.500000
431, 19, 200, 27, 0.095000, 0.703704
432, 5, 200, 10, 0.025000, 0.500000
433, 3, 200, 4, 0.015000, 0.750000
435, 9, 200, 10, 0.045000, 0.900000
437, 3, 200, 3, 0.015000, 1.000000
438, 7, 200, 13, 0.035000, 0.538462
439, 1, 200, 2, 0.005000, 0.500000
440, 3, 200, 5, 0.015000, 0.600000
442, 8, 200, 9, 0.040000, 0.888889
443, 10, 200, 11, 0.050000, 0.909091
444, 1, 200, 1, 0.005000, 1.000000
445, 24, 200, 30, 0.120000, 0.800000
446, 5, 200, 7, 0.025000, 0.714286
449, 2, 200, 2, 0.010000, 1.000000
450, 5, 200, 10, 0.025000, 0.500000
451, 12, 200, 13, 0.060000, 0.923077
453, 0, 200, 1, 0.000000, 0.000000
455, 21, 200, 28, 0.105000, 0.750000
456, 1, 200, 1, 0.005000, 1.000000
458, 3, 200, 3, 0.015000, 1.000000
461, 15, 200, 19, 0.075000, 0.789474
462, 5, 200, 6, 0.025000, 0.833333
464, 7, 200, 10, 0.035000, 0.700000
465, 6, 200, 10, 0.030000, 0.600000
466, 2, 200, 2, 0.010000, 1.000000
467, 1, 200, 1, 0.005000, 1.000000
468, 1, 200, 1, 0.005000, 1.000000
469, 4, 200, 4, 0.020000, 1.000000
470, 2, 200, 2, 0.010000, 1.000000
479, 2, 200, 4, 0.010000, 0.500000
481, 8, 200, 13, 0.040000, 0.615385
482, 17, 200, 23, 0.085000, 0.739130
483, 14, 200, 18, 0.070000, 0.777778
484, 2, 200, 4, 0.010000, 0.500000
485, 2, 200, 3, 0.010000, 0.666667
486, 1, 200, 1, 0.005000, 1.000000
487, 17, 200, 19, 0.085000, 0.894737
488, 2, 200, 6, 0.010000, 0.333333
489, 1, 200, 1, 0.005000, 1.000000
490, 0, 200, 1, 0.000000, 0.000000
492, 0, 200, 1, 0.000000, 0.000000
493, 1, 200, 1, 0.005000, 1.000000
496, 1, 200, 2, 0.005000, 0.500000
497, 2, 200, 3, 0.010000, 0.666667
499, 2, 200, 3, 0.010000, 0.666667
500, 3, 200, 5, 0.015000, 0.600000
502, 4, 200, 4, 0.020000, 1.000000
503, 1, 200, 1, 0.005000, 1.000000
504, 17, 200, 23, 0.085000, 0.739130
505, 1, 200, 2, 0.005000, 0.500000
506, 7, 200, 9, 0.035000, 0.777778
507, 6, 200, 10, 0.030000, 0.600000
508, 0, 200, 2, 0.000000, 0.000000
509, 9, 200, 12, 0.045000, 0.750000
510, 10, 200, 14, 0.050000, 0.714286
511, 7, 200, 9, 0.035000, 0.777778
512, 1, 200, 1, 0.005000, 1.000000
513, 3, 200, 4, 0.015000, 0.750000
515, 7, 200, 10, 0.035000, 0.700000
517, 3, 200, 6, 0.015000, 0.500000
518, 4, 200, 4, 0.020000, 1.000000
521, 1, 200, 1, 0.005000, 1.000000
522, 0, 200, 1, 0.000000, 0.000000
525, 1, 200, 2, 0.005000, 0.500000
526, 4, 200, 4, 0.020000, 1.000000
527, 1, 200, 1, 0.005000, 1.000000
528, 8, 200, 19, 0.040000, 0.421053
529, 4, 200, 9, 0.020000, 0.444444
532, 0, 200, 1, 0.000000, 0.000000
533, 4, 200, 4, 0.020000, 1.000000
534, 6, 200, 9, 0.030000, 0.666667
537, 6, 200, 11, 0.030000, 0.545455
539, 4, 200, 4, 0.020000, 1.000000
540, 16, 200, 35, 0.080000, 0.457143
541, 1, 200, 3, 0.005000, 0.333333
542, 27, 200, 41, 0.135000, 0.658537
543, 1, 200, 1, 0.005000, 1.000000
544, 1, 200, 5, 0.005000, 0.200000
545, 2, 200, 2, 0.010000, 1.000000
546, 8, 200, 11, 0.040000, 0.727273
550, 11, 200, 14, 0.055000, 0.785714
551, 1, 200, 6, 0.005000, 0.166667
552, 0, 200, 1, 0.000000, 0.000000
553, 6, 200, 17, 0.030000, 0.352941
554, 1, 200, 1, 0.005000, 1.000000
556, 15, 200, 21, 0.075000, 0.714286
557, 3, 200, 4, 0.015000, 0.750000
558, 0, 200, 1, 0.000000, 0.000000
559, 2, 200, 3, 0.010000, 0.666667
560, 3, 200, 4, 0.015000, 0.750000
561, 4, 200, 12, 0.020000, 0.333333
562, 0, 200, 5, 0.000000, 0.000000
563, 3, 200, 3, 0.015000, 1.000000
564, 20, 200, 22, 0.100000, 0.909091
566, 6, 200, 11, 0.030000, 0.545455
567, 10, 200, 16, 0.050000, 0.625000
569, 1, 200, 1, 0.005000, 1.000000
570, 2, 200, 4, 0.010000, 0.500000
572, 2, 200, 2, 0.010000, 1.000000
573, 2, 200, 2, 0.010000, 1.000000
574, 2, 200, 7, 0.010000, 0.285714
575, 1, 200, 6, 0.005000, 0.166667
576, 0, 200, 3, 0.000000, 0.000000
578, 3, 200, 3, 0.015000, 1.000000
580, 9, 200, 11, 0.045000, 0.818182
581, 4, 200, 4, 0.020000, 1.000000
583, 5, 200, 12, 0.025000, 0.416667
585, 3, 200, 3, 0.015000, 1.000000
586, 12, 200, 16, 0.060000, 0.750000
588, 5, 200, 8, 0.025000, 0.625000
589, 1, 200, 2, 0.005000, 0.500000
590, 3, 200, 3, 0.015000, 1.000000
591, 3, 200, 4, 0.015000, 0.750000
592, 11, 200, 19, 0.055000, 0.578947
593, 2, 200, 2, 0.010000, 1.000000
594, 4, 200, 10, 0.020000, 0.400000
595, 0, 200, 2, 0.000000, 0.000000
597, 4, 200, 5, 0.020000, 0.800000
598, 5, 200, 11, 0.025000, 0.454545
599, 1, 200, 1, 0.005000, 1.000000
600, 2, 200, 4, 0.010000, 0.500000
604, 1, 200, 5, 0.005000, 0.200000
607, 1, 200, 4, 0.005000, 0.250000
610, 6, 200, 7, 0.030000, 0.857143
611, 1, 200, 3, 0.005000, 0.333333
612, 10, 200, 19, 0.050000, 0.526316
613, 3, 200, 6, 0.015000, 0.500000
616, 3, 200, 4, 0.015000, 0.750000
617, 0, 200, 2, 0.000000, 0.000000
619, 2, 200, 6, 0.010000, 0.333333
621, 4, 200, 14, 0.020000, 0.285714
622, 11, 200, 18, 0.055000, 0.611111
623, 7, 200, 9, 0.035000, 0.777778
624, 10, 200, 16, 0.050000, 0.625000
625, 11, 200, 21, 0.055000, 0.523810
626, 11, 200, 16, 0.055000, 0.687500
627, 1, 200, 1, 0.005000, 1.000000
628, 4, 200, 5, 0.020000, 0.800000
629, 11, 200, 14, 0.055000, 0.785714
630, 5, 200, 9, 0.025000, 0.555556
631, 4, 200, 4, 0.020000, 1.000000
633, 0, 200, 1, 0.000000, 0.000000
634, 13, 200, 21, 0.065000, 0.619048
635, 10, 200, 16, 0.050000, 0.625000
636, 7, 200, 13, 0.035000, 0.538462
637, 7, 200, 11, 0.035000, 0.636364
638, 2, 200, 2, 0.010000, 1.000000
639, 3, 200, 4, 0.015000, 0.750000
641, 1, 200, 2, 0.005000, 0.500000
642, 1, 200, 1, 0.005000, 1.000000
643, 10, 200, 16, 0.050000, 0.625000
645, 7, 200, 12, 0.035000, 0.583333
646, 6, 200, 8, 0.030000, 0.750000
647, 11, 200, 19, 0.055000, 0.578947
648, 10, 200, 15, 0.050000, 0.666667
649, 2, 200, 6, 0.010000, 0.333333
650, 16, 200, 22, 0.080000, 0.727273
653, 4, 200, 7, 0.020000, 0.571429
655, 3, 200, 7, 0.015000, 0.428571
656, 0, 200, 2, 0.000000, 0.000000
657, 2, 200, 2, 0.010000, 1.000000
659, 8, 200, 13, 0.040000, 0.615385
660, 0, 200, 2, 0.000000, 0.000000
661, 7, 200, 14, 0.035000, 0.500000
662, 0, 200, 2, 0.000000, 0.000000
663, 3, 200, 5, 0.015000, 0.600000
665, 3, 200, 5, 0.015000, 0.600000
667, 18, 200, 26, 0.090000, 0.692308
668, 1, 200, 1, 0.005000, 1.000000
669, 3, 200, 3, 0.015000, 1.000000
672, 12, 200, 18, 0.060000, 0.666667
675, 4, 200, 5, 0.020000, 0.800000
676, 8, 200, 13, 0.040000, 0.615385
678, 3, 200, 4, 0.015000, 0.750000
679, 12, 200, 21, 0.060000, 0.571429
680, 3, 200, 4, 0.015000, 0.750000
681, 4, 200, 8, 0.020000, 0.500000
682, 16, 200, 23, 0.080000, 0.695652
685, 9, 200, 15, 0.045000, 0.600000
686, 11, 200, 13, 0.055000, 0.846154
688, 8, 200, 14, 0.040000, 0.571429
690, 7, 200, 17, 0.035000, 0.411765
691, 13, 200, 19, 0.065000, 0.684211
692, 2, 200, 2, 0.010000, 1.000000
693, 3, 200, 3, 0.015000, 1.000000
695, 0, 200, 4, 0.000000, 0.000000
696, 7, 200, 12, 0.035000, 0.583333
697, 2, 200, 2, 0.010000, 1.000000
698, 1, 200, 8, 0.005000, 0.125000
699, 4, 200, 7, 0.020000, 0.571429
702, 1, 200, 1, 0.005000, 1.000000
703, 3, 200, 5, 0.015000, 0.600000
704, 9, 200, 10, 0.045000, 0.900000
705, 8, 200, 14, 0.040000, 0.571429
706, 6, 200, 6, 0.030000, 1.000000
707, 6, 200, 6, 0.030000, 1.000000
708, 1, 200, 1, 0.005000, 1.000000
710, 6, 200, 15, 0.030000, 0.400000
711, 5, 200, 11, 0.025000, 0.454545
712, 1, 200, 1, 0.005000, 1.000000
713, 13, 200, 18, 0.065000, 0.722222
714, 1, 200, 4, 0.005000, 0.250000
715, 3, 200, 6, 0.015000, 0.500000
718, 6, 200, 6, 0.030000, 1.000000
719, 6, 200, 8, 0.030000, 0.750000
720, 2, 200, 2, 0.010000, 1.000000
721, 10, 200, 15, 0.050000, 0.666667
722, 5, 200, 7, 0.025000, 0.714286
723, 1, 200, 1, 0.005000, 1.000000
725, 5, 200, 7, 0.025000, 0.714286
726, 4, 200, 10, 0.020000, 0.400000
727, 4, 200, 6, 0.020000, 0.666667
729, 1, 200, 4, 0.005000, 0.250000
731, 2, 200, 5, 0.010000, 0.400000
732, 2, 200, 2, 0.010000, 1.000000
733, 1, 200, 1, 0.005000, 1.000000
734, 3, 200, 5, 0.015000, 0.600000
735, 5, 200, 7, 0.025000, 0.714286
736, 14, 200, 16, 0.070000, 0.875000
738, 3, 200, 4, 0.015000, 0.750000
739, 5, 200, 7, 0.025000, 0.714286
740, 1, 200, 1, 0.005000, 1.000000
741, 2, 200, 4, 0.010000, 0.500000
742, 0, 200, 1, 0.000000, 0.000000
743, 0, 200, 2, 0.000000, 0.000000
745, 6, 200, 10, 0.030000, 0.600000
747, 7, 200, 16, 0.035000, 0.437500
748, 3, 200, 7, 0.015000, 0.428571
749, 4, 200, 5, 0.020000, 0.800000
750, 13, 200, 28, 0.065000, 0.464286
751, 2, 200, 4, 0.010000, 0.500000
752, 8, 200, 17, 0.040000, 0.470588
753, 1, 200, 2, 0.005000, 0.500000
755, 10, 200, 12, 0.050000, 0.833333
756, 2, 200, 3, 0.010000, 0.666667
757, 2, 200, 3, 0.010000, 0.666667
758, 16, 200, 22, 0.080000, 0.727273
759, 5, 200, 6, 0.025000, 0.833333
760, 8, 200, 17, 0.040000, 0.470588
762, 6, 200, 9, 0.030000, 0.666667
763, 10, 200, 10, 0.050000, 1.000000
765, 1, 200, 1, 0.005000, 1.000000
768, 2, 200, 3, 0.010000, 0.666667
769, 13, 200, 17, 0.065000, 0.764706
770, 8, 200, 9, 0.040000, 0.888889
771, 15, 200, 23, 0.075000, 0.652174
772, 14, 200, 21, 0.070000, 0.666667
773, 1, 200, 1, 0.005000, 1.000000
774, 0, 200, 1, 0.000000, 0.000000
775, 6, 200, 6, 0.030000, 1.000000
776, 1, 200, 1, 0.005000, 1.000000
777, 7, 200, 14, 0.035000, 0.500000
778, 1, 200, 1, 0.005000, 1.000000
779, 13, 200, 16, 0.065000, 0.812500
780, 3, 200, 7, 0.015000, 0.428571
781, 1, 200, 1, 0.005000, 1.000000
782, 11, 200, 17, 0.055000, 0.647059
783, 4, 200, 10, 0.020000, 0.400000
784, 2, 200, 2, 0.010000, 1.000000
785, 0, 200, 1, 0.000000, 0.000000
786, 3, 200, 9, 0.015000, 0.333333
787, 7, 200, 9, 0.035000, 0.777778
788, 7, 200, 20, 0.035000, 0.350000
790, 4, 200, 7, 0.020000, 0.571429
791, 1, 200, 3, 0.005000, 0.333333
792, 8, 200, 8, 0.040000, 1.000000
795, 26, 200, 38, 0.130000, 0.684211
796, 9, 200, 13, 0.045000, 0.692308
798, 5, 200, 9, 0.025000, 0.555556
800, 9, 200, 13, 0.045000, 0.692308
801, 6, 200, 13, 0.030000, 0.461538
802, 3, 200, 3, 0.015000, 1.000000
803, 13, 200, 25, 0.065000, 0.520000
804, 1, 200, 4, 0.005000, 0.250000
805, 9, 200, 10, 0.045000, 0.900000
806, 1, 200, 1, 0.005000, 1.000000
807, 19, 200, 33, 0.095000, 0.575758
808, 5, 200, 12, 0.025000, 0.416667
809, 13, 200, 14, 0.065000, 0.928571
810, 14, 200, 30, 0.070000, 0.466667
811, 8, 200, 12, 0.040000, 0.666667
812, 0, 200, 1, 0.000000, 0.000000
813, 6, 200, 9, 0.030000, 0.666667
814, 3, 200, 5, 0.015000, 0.600000
815, 6, 200, 13, 0.030000, 0.461538
816, 6, 200, 13, 0.030000, 0.461538
817, 4, 200, 11, 0.020000, 0.363636
818, 18, 200, 23, 0.090000, 0.782609
819, 7, 200, 11, 0.035000, 0.636364
820, 18, 200, 27, 0.090000, 0.666667
821, 9, 200, 15, 0.045000, 0.600000
823, 7, 200, 9, 0.035000, 0.777778
824, 9, 200, 13, 0.045000, 0.692308
825, 8, 200, 11, 0.040000, 0.727273
826, 13, 200, 18, 0.065000, 0.722222
827, 10, 200, 14, 0.050000, 0.714286
828, 6, 200, 7, 0.030000, 0.857143
829, 16, 200, 27, 0.080000, 0.592593
830, 4, 200, 6, 0.020000, 0.666667
833, 12, 200, 23, 0.060000, 0.521739
836, 9, 200, 22, 0.045000, 0.409091
837, 1, 200, 1, 0.005000, 1.000000
839, 20, 200, 25, 0.100000, 0.800000
841, 18, 200, 26, 0.090000, 0.692308
842, 12, 200, 26, 0.060000, 0.461538
843, 7, 200, 18, 0.035000, 0.388889
844, 10, 200, 16, 0.050000, 0.625000
845, 18, 200, 23, 0.090000, 0.782609
846, 10, 200, 10, 0.050000, 1.000000
847, 4, 200, 9, 0.020000, 0.444444
848, 9, 200, 11, 0.045000, 0.818182
849, 19, 200, 35, 0.095000, 0.542857
850, 3, 200, 5, 0.015000, 0.600000
851, 15, 200, 20, 0.075000, 0.750000
852, 3, 200, 3, 0.015000, 1.000000
853, 4, 200, 9, 0.020000, 0.444444
854, 16, 200, 18, 0.080000, 0.888889
855, 16, 200, 22, 0.080000, 0.727273
856, 8, 200, 10, 0.040000, 0.800000
857, 13, 200, 22, 0.065000, 0.590909
858, 12, 200, 17, 0.060000, 0.705882
859, 12, 200, 15, 0.060000, 0.800000
860, 15, 200, 25, 0.075000, 0.600000
861, 10, 200, 13, 0.050000, 0.769231
862, 4, 200, 4, 0.020000, 1.000000
863, 5, 200, 7, 0.025000, 0.714286
864, 7, 200, 8, 0.035000, 0.875000
865, 6, 200, 8, 0.030000, 0.750000
866, 9, 200, 15, 0.045000, 0.600000
867, 8, 200, 11, 0.040000, 0.727273
869, 7, 200, 8, 0.035000, 0.875000
870, 17, 200, 29, 0.085000, 0.586207
871, 1, 200, 5, 0.005000, 0.200000
872, 11, 200, 13, 0.055000, 0.846154
873, 13, 200, 17, 0.065000, 0.764706
874, 7, 200, 12, 0.035000, 0.583333
875, 12, 200, 24, 0.060000, 0.500000
876, 8, 200, 16, 0.040000, 0.500000
877, 1, 200, 4, 0.005000, 0.250000
878, 7, 200, 10, 0.035000, 0.700000
879, 11, 200, 15, 0.055000, 0.733333
880, 0, 200, 1, 0.000000, 0.000000
881, 1, 200, 2, 0.005000, 0.500000
882, 9, 200, 15, 0.045000, 0.600000
883, 9, 200, 9, 0.045000, 1.000000
884, 7, 200, 12, 0.035000, 0.583333
885, 17, 200, 25, 0.085000, 0.680000
886, 11, 200, 14, 0.055000, 0.785714
887, 2, 200, 5, 0.010000, 0.400000
888, 2, 200, 3, 0.010000, 0.666667
889, 11, 200, 17, 0.055000, 0.647059
890, 9, 200, 14, 0.045000, 0.642857
891, 12, 200, 18, 0.060000, 0.666667
892, 14, 200, 19, 0.070000, 0.736842
893, 15, 200, 20, 0.075000, 0.750000
894, 9, 200, 11, 0.045000, 0.818182
895, 10, 200, 17, 0.050000, 0.588235
896, 2, 200, 7, 0.010000, 0.285714
897, 11, 200, 12, 0.055000, 0.916667
898, 2, 200, 2, 0.010000, 1.000000
899, 2, 200, 4, 0.010000, 0.500000
900, 5, 200, 8, 0.025000, 0.625000
901, 12, 200, 16, 0.060000, 0.750000
902, 1, 200, 2, 0.005000, 0.500000
903, 6, 200, 6, 0.030000, 1.000000
904, 2, 200, 4, 0.010000, 0.500000
905, 9, 200, 13, 0.045000, 0.692308
906, 17, 200, 21, 0.085000, 0.809524
907, 15, 200, 22, 0.075000, 0.681818
908, 12, 200, 24, 0.060000, 0.500000
909, 6, 200, 12, 0.030000, 0.500000
910, 1, 200, 2, 0.005000, 0.500000
911, 16, 200, 23, 0.080000, 0.695652
912, 5, 200, 6, 0.025000, 0.833333
913, 1, 200, 4, 0.005000, 0.250000
914, 17, 200, 26, 0.085000, 0.653846
915, 17, 200, 26, 0.085000, 0.653846
916, 14, 200, 23, 0.070000, 0.608696
917, 6, 200, 8, 0.030000, 0.750000
918, 7, 200, 9, 0.035000, 0.777778
919, 3, 200, 5, 0.015000, 0.600000
920, 3, 200, 7, 0.015000, 0.428571
921, 15, 200, 18, 0.075000, 0.833333
922, 14, 200, 22, 0.070000, 0.636364
923, 8, 200, 11, 0.040000, 0.727273
924, 4, 200, 6, 0.020000, 0.666667
925, 6, 200, 9, 0.030000, 0.666667
926, 8, 200, 12, 0.040000, 0.666667
927, 12, 200, 15, 0.060000, 0.800000
928, 6, 200, 11, 0.030000, 0.545455
929, 2, 200, 7, 0.010000, 0.285714
930, 18, 200, 26, 0.090000, 0.692308
931, 4, 200, 4, 0.020000, 1.000000
932, 6, 200, 7, 0.030000, 0.857143
933, 2, 200, 3, 0.010000, 0.666667
934, 0, 200, 1, 0.000000, 0.000000
935, 3, 200, 4, 0.015000, 0.750000
936, 6, 200, 8, 0.030000, 0.750000
938, 8, 200, 16, 0.040000, 0.500000
939, 3, 200, 3, 0.015000, 1.000000
940, 2, 200, 3, 0.010000, 0.666667
941, 6, 200, 6, 0.030000, 1.000000
942, 5, 200, 8, 0.025000, 0.625000
943, 4, 200, 5, 0.020000, 0.800000
944, 7, 200, 12, 0.035000, 0.583333
945, 5, 200, 6, 0.025000, 0.833333
946, 0, 200, 1, 0.000000, 0.000000
947, 0, 200, 2, 0.000000, 0.000000
948, 1, 200, 1, 0.005000, 1.000000
949, 0, 200, 3, 0.000000, 0.000000
951, 2, 200, 3, 0.010000, 0.666667
952, 5, 200, 8, 0.025000, 0.625000
953, 1, 200, 2, 0.005000, 0.500000
954, 2, 200, 3, 0.010000, 0.666667
955, 5, 200, 6, 0.025000, 0.833333
957, 3, 200, 5, 0.015000, 0.600000
958, 1, 200, 1, 0.005000, 1.000000
959, 3, 200, 5, 0.015000, 0.600000
964, 0, 200, 2, 0.000000, 0.000000
965, 0, 200, 1, 0.000000, 0.000000
967, 2, 200, 2, 0.010000, 1.000000
970, 1, 200, 1, 0.005000, 1.000000
974, 1, 200, 1, 0.005000, 1.000000
