1, 7, 200, 9, 0.035000, 0.777778
2, 9, 200, 14, 0.045000, 0.642857
3, 1, 200, 1, 0.005000, 1.000000
4, 4, 200, 7, 0.020000, 0.571429
5, 1, 200, 1, 0.005000, 1.000000
9, 2, 200, 3, 0.010000, 0.666667
12, 6, 200, 7, 0.030000, 0.857143
13, 4, 200, 5, 0.020000, 0.800000
14, 4, 200, 6, 0.020000, 0.666667
20, 3, 200, 6, 0.015000, 0.500000
23, 1, 200, 1, 0.005000, 1.000000
25, 5, 200, 6, 0.025000, 0.833333
26, 14, 200, 23, 0.070000, 0.608696
28, 10, 200, 11, 0.050000, 0.909091
29, 3, 200, 5, 0.015000, 0.600000
30, 5, 200, 8, 0.025000, 0.625000
33, 2, 200, 2, 0.010000, 1.000000
34, 2, 200, 4, 0.010000, 0.500000
35, 0, 200, 1, 0.000000, 0.000000
36, 3, 200, 3, 0.015000, 1.000000
38, 2, 200, 4, 0.010000, 0.500000
39, 1, 200, 2, 0.005000, 0.500000
40, 2, 200, 3, 0.010000, 0.666667
41, 2, 200, 3, 0.010000, 0.666667
42, 1, 200, 1, 0.005000, 1.000000
43, 4, 200, 6, 0.020000, 0.666667
46, 6, 200, 6, 0.030000, 1.000000
47, 4, 200, 5, 0.020000, 0.800000
49, 3, 200, 5, 0.015000, 0.600000
50, 1, 200, 1, 0.005000, 1.000000
51, 1, 200, 2, 0.005000, 0.500000
52, 3, 200, 3, 0.015000, 1.000000
55, 6, 200, 8, 0.030000, 0.750000
56, 1, 200, 2, 0.005000, 0.500000
58, 7, 200, 7, 0.035000, 1.000000
59, 1, 200, 1, 0.005000, 1.000000
60, 3, 200, 4, 0.015000, 0.750000
61, 5, 200, 7, 0.025000, 0.714286
64, 8, 200, 14, 0.040000, 0.571429
66, 1, 200, 1, 0.005000, 1.000000
67, 6, 200, 6, 0.030000, 1.000000
69, 5, 200, 8, 0.025000, 0.625000
70, 11, 200, 12, 0.055000, 0.916667
73, 3, 200, 6, 0.015000, 0.500000
75, 2, 200, 3, 0.010000, 0.666667
78, 3, 200, 3, 0.015000, 1.000000
80, 1, 200, 1, 0.005000, 1.000000
81, 16, 200, 26, 0.080000, 0.615385
82, 6, 200, 10, 0.030000, 0.600000
84, 4, 200, 6, 0.020000, 0.666667
88, 1, 200, 2, 0.005000, 0.500000
89, 0, 200, 1, 0.000000, 0.000000
90, 2, 200, 7, 0.010000, 0.285714
96, 10, 200, 15, 0.050000, 0.666667
97, 1, 200, 1, 0.005000, 1.000000
98, 13, 200, 16, 0.065000, 0.812500
103, 14, 200, 18, 0.070000, 0.777778
104, 1, 200, 1, 0.005000, 1.000000
105, 1, 200, 1, 0.005000, 1.000000
106, 3, 200, 9, 0.015000, 0.333333
107, 19, 200, 38, 0.095000, 0.500000
108, 4, 200, 6, 0.020000, 0.666667
109, 9, 200, 10, 0.045000, 0.900000
110, 0, 200, 1, 0.000000, 0.000000
112, 3, 200, 3, 0.015000, 1.000000
113, 1, 200, 1, 0.005000, 1.000000
116, 2, 200, 2, 0.010000, 1.000000
117, 16, 200, 29, 0.080000, 0.551724
118, 12, 200, 12, 0.060000, 1.000000
119, 0, 200, 3, 0.000000, 0.000000
120, 5, 200, 8, 0.025000, 0.625000
123, 1, 200, 1, 0.005000, 1.000000
124, 4, 200, 4, 0.020000, 1.000000
127, 1, 200, 2, 0.005000, 0.500000
128, 2, 200, 2, 0.010000, 1.000000
129, 7, 200, 7, 0.035000, 1.000000
130, 1, 200, 1, 0.005000, 1.000000
133, 5, 200, 6, 0.025000, 0.833333
136, 1, 200, 4, 0.005000, 0.250000
137, 2, 200, 2, 0.010000, 1.000000
139, 10, 200, 11, 0.050000, 0.909091
140, 14, 200, 16, 0.070000, 0.875000
145, 18, 200, 36, 0.090000, 0.500000
147, 1, 200, 4, 0.005000, 0.250000
149, 4, 200, 4, 0.020000, 1.000000
151, 6, 200, 6, 0.030000, 1.000000
152, 0, 200, 1, 0.000000, 0.000000
153, 2, 200, 5, 0.010000, 0.400000
154, 5, 200, 7, 0.025000, 0.714286
155, 1, 200, 2, 0.005000, 0.500000
156, 2, 200, 7, 0.010000, 0.285714
158, 3, 200, 3, 0.015000, 1.000000
159, 2, 200, 2, 0.010000, 1.000000
160, 1, 200, 2, 0.005000, 0.500000
161, 3, 200, 4, 0.015000, 0.750000
162, 3, 200, 5, 0.015000, 0.600000
164, 1, 200, 1, 0.005000, 1.000000
165, 6, 200, 6, 0.030000, 1.000000
166, 9, 200, 13, 0.045000, 0.692308
168, 15, 200, 24, 0.075000, 0.625000
169, 7, 200, 10, 0.035000, 0.700000
172, 1, 200, 1, 0.005000, 1.000000
173, 3, 200, 10, 0.015000, 0.300000
174, 3, 200, 4, 0.015000, 0.750000
175, 5, 200, 9, 0.025000, 0.555556
179, 5, 200, 5, 0.025000, 1.000000
180, 14, 200, 19, 0.070000, 0.736842
183, 9, 200, 12, 0.045000, 0.750000
184, 3, 200, 7, 0.015000, 0.428571
185, 1, 200, 3, 0.005000, 0.333333
187, 6, 200, 7, 0.030000, 0.857143
188, 1, 200, 1, 0.005000, 1.000000
189, 6, 200, 13, 0.030000, 0.461538
190, 9, 200, 12, 0.045000, 0.750000
191, 6, 200, 7, 0.030000, 0.857143
196, 5, 200, 6, 0.025000, 0.833333
197, 5, 200, 7, 0.025000, 0.714286
199, 1, 200, 1, 0.005000, 1.000000
200, 1, 200, 3, 0.005000, 0.333333
201, 7, 200, 14, 0.035000, 0.500000
202, 2, 200, 2, 0.010000, 1.000000
205, 4, 200, 15, 0.020000, 0.266667
206, 3, 200, 3, 0.015000, 1.000000
207, 1, 200, 1, 0.005000, 1.000000
212, 1, 200, 1, 0.005000, 1.000000
213, 3, 200, 3, 0.015000, 1.000000
215, 6, 200, 6, 0.030000, 1.000000
218, 4, 200, 4, 0.020000, 1.000000
222, 7, 200, 14, 0.035000, 0.500000
223, 1, 200, 3, 0.005000, 0.333333
225, 0, 200, 3, 0.000000, 0.000000
229, 7, 200, 9, 0.035000, 0.777778
230, 1, 200, 4, 0.005000, 0.250000
233, 0, 200, 1, 0.000000, 0.000000
234, 3, 200, 5, 0.015000, 0.600000
237, 8, 200, 12, 0.040000, 0.666667
239, 0, 200, 3, 0.000000, 0.000000
240, 3, 200, 5, 0.015000, 0.600000
241, 3, 200, 4, 0.015000, 0.750000
243, 2, 200, 2, 0.010000, 1.000000
244, 5, 200, 7, 0.025000, 0.714286
245, 2, 200, 3, 0.010000, 0.666667
246, 5, 200, 7, 0.025000, 0.714286
247, 3, 200, 7, 0.015000, 0.428571
248, 6, 200, 8, 0.030000, 0.750000
249, 3, 200, 6, 0.015000, 0.500000
252, 14, 200, 17, 0.070000, 0.823529
255, 0, 200, 1, 0.000000, 0.000000
257, 7, 200, 12, 0.035000, 0.583333
259, 3, 200, 4, 0.015000, 0.750000
262, 0, 200, 1, 0.000000, 0.000000
263, 11, 200, 13, 0.055000, 0.846154
266, 1, 200, 1, 0.005000, 1.000000
267, 2, 200, 3, 0.010000, 0.666667
268, 0, 200, 4, 0.000000, 0.000000
270, 1, 200, 5, 0.005000, 0.200000
273, 6, 200, 12, 0.030000, 0.500000
274, 5, 200, 7, 0.025000, 0.714286
277, 1, 200, 2, 0.005000, 0.500000
279, 0, 200, 1, 0.000000, 0.000000
280, 9, 200, 11, 0.045000, 0.818182
282, 4, 200, 15, 0.020000, 0.266667
283, 6, 200, 18, 0.030000, 0.333333
284, 4, 200, 8, 0.020000, 0.500000
285, 10, 200, 11, 0.050000, 0.909091
289, 1, 200, 2, 0.005000, 0.500000
290, 3, 200, 4, 0.015000, 0.750000
291, 4, 200, 7, 0.020000, 0.571429
292, 1, 200, 3, 0.005000, 0.333333
293, 3, 200, 7, 0.015000, 0.428571
295, 6, 200, 16, 0.030000, 0.375000
296, 1, 200, 2, 0.005000, 0.500000
297, 8, 200, 17, 0.040000, 0.470588
299, 5, 200, 7, 0.025000, 0.714286
301, 1, 200, 3, 0.005000, 0.333333
302, 5, 200, 9, 0.025000, 0.555556
303, 11, 200, 18, 0.055000, 0.611111
304, 1, 200, 1, 0.005000, 1.000000
305, 7, 200, 9, 0.035000, 0.777778
308, 1, 200, 3, 0.005000, 0.333333
309, 4, 200, 7, 0.020000, 0.571429
310, 6, 200, 10, 0.030000, 0.600000
311, 1, 200, 1, 0.005000, 1.000000
312, 13, 200, 18, 0.065000, 0.722222
313, 2, 200, 2, 0.010000, 1.000000
317, 3, 200, 3, 0.015000, 1.000000
320, 1, 200, 1, 0.005000, 1.000000
322, 1, 200, 2, 0.005000, 0.500000
323, 1, 200, 3, 0.005000, 0.333333
324, 9, 200, 13, 0.045000, 0.692308
325, 8, 200, 10, 0.040000, 0.800000
326, 3, 200, 3, 0.015000, 1.000000
327, 12, 200, 15, 0.060000, 0.800000
328, 8, 200, 10, 0.040000, 0.800000
329, 0, 200, 2, 0.000000, 0.000000
331, 8, 200, 17, 0.040000, 0.470588
333, 4, 200, 11, 0.020000, 0.363636
334, 21, 200, 29, 0.105000, 0.724138
336, 5, 200, 8, 0.025000, 0.625000
339, 2, 200, 6, 0.010000, 0.333333
340, 1, 200, 2, 0.005000, 0.500000
341, 2, 200, 5, 0.010000, 0.400000
342, 4, 200, 4, 0.020000, 1.000000
343, 6, 200, 7, 0.030000, 0.857143
345, 1, 200, 1, 0.005000, 1.000000
346, 6, 200, 7, 0.030000, 0.857143
347, 2, 200, 2, 0.010000, 1.000000
348, 7, 200, 10, 0.035000, 0.700000
350, 4, 200, 7, 0.020000, 0.571429
351, 0, 200, 2, 0.000000, 0.000000
352, 4, 200, 6, 0.020000, 0.666667
353, 1, 200, 1, 0.005000, 1.000000
357, 1, 200, 1, 0.005000, 1.000000
358, 3, 200, 4, 0.015000, 0.750000
360, 2, 200, 3, 0.010000, 0.666667
361, 15, 200, 23, 0.075000, 0.652174
362, 1, 200, 1, 0.005000, 1.000000
363, 6, 200, 8, 0.030000, 0.750000
364, 0, 200, 1, 0.000000, 0.000000
365, 3, 200, 3, 0.015000, 1.000000
366, 1, 200, 1, 0.005000, 1.000000
369, 4, 200, 7, 0.020000, 0.571429
370, 5, 200, 11, 0.025000, 0.454545
372, 4, 200, 7, 0.020000, 0.571429
373, 21, 200, 27, 0.105000, 0.777778
374, 4, 200, 5, 0.020000, 0.800000
377, 1, 200, 1, 0.005000, 1.000000
379, 2, 200, 4, 0.010000, 0.500000
380, 6, 200, 9, 0.030000, 0.666667
382, 3, 200, 5, 0.015000, 0.600000
383, 2, 200, 2, 0.010000, 1.000000
384, 5, 200, 6, 0.025000, 0.833333
385, 4, 200, 6, 0.020000, 0.666667
386, 8, 200, 14, 0.040000, 0.571429
387, 5, 200, 7, 0.025000, 0.714286
388, 7, 200, 10, 0.035000, 0.700000
390, 6, 200, 8, 0.030000, 0.750000
393, 1, 200, 3, 0.005000, 0.333333
395, 12, 200, 15, 0.060000, 0.800000
396, 4, 200, 7, 0.020000, 0.571429
397, 3, 200, 5, 0.015000, 0.600000
399, 1, 200, 2, 0.005000, 0.500000
400, 2, 200, 2, 0.010000, 1.000000
401, 2, 200, 3, 0.010000, 0.666667
403, 1, 200, 2, 0.005000, 0.500000
406, 0, 200, 1, 0.000000, 0.000000
407, 4, 200, 8, 0.020000, 0.500000
408, 0, 200, 1, 0.000000, 0.000000
409, 2, 200, 2, 0.010000, 1.000000
410, 18, 200, 22, 0.090000, 0.818182
411, 4, 200, 8, 0.020000, 0.500000
412, 7, 200, 13, 0.035000, 0.538462
413, 1, 200, 1, 0.005000, 1.000000
414, 3, 200, 7, 0.015000, 0.428571
418, 14, 200, 16, 0.070000, 0.875000
419, 8, 200, 9, 0.040000, 0.888889
420, 1, 200, 2, 0.005000, 0.500000
421, 3, 200, 3, 0.015000, 1.000000
422, 18, 200, 25, 0.090000, 0.720000
424, 3, 200, 3, 0.015000, 1.000000
425, 1, 200, 2, 0.005000, 0.500000
428, 6, 200, 7, 0.030000, 0.857143
429, 0, 200, 2, 0.000000, 0.000000
431, 19, 200, 27, 0.095000, 0.703704
432, 6, 200, 10, 0.030000, 0.600000
433, 2, 200, 4, 0.010000, 0.500000
435, 9, 200, 10, 0.045000, 0.900000
437, 3, 200, 3, 0.015000, 1.000000
438, 8, 200, 13, 0.040000, 0.615385
439, 1, 200, 2, 0.005000, 0.500000
440, 3, 200, 5, 0.015000, 0.600000
442, 8, 200, 9, 0.040000, 0.888889
443, 11, 200, 11, 0.055000, 1.000000
444, 1, 200, 1, 0.005000, 1.000000
445, 18, 200, 30, 0.090000, 0.600000
446, 3, 200, 7, 0.015000, 0.428571
449, 2, 200, 2, 0.010000, 1.000000
450, 4, 200, 10, 0.020000, 0.400000
451, 11, 200, 13, 0.055000, 0.846154
453, 0, 200, 1, 0.000000, 0.000000
455, 23, 200, 28, 0.115000, 0.821429
456, 1, 200, 1, 0.005000, 1.000000
458, 3, 200, 3, 0.015000, 1.000000
461, 12, 200, 19, 0.060000, 0.631579
462, 5, 200, 6, 0.025000, 0.833333
464, 7, 200, 10, 0.035000, 0.700000
465, 6, 200, 10, 0.030000, 0.600000
466, 1, 200, 2, 0.005000, 0.500000
467, 1, 200, 1, 0.005000, 1.000000
468, 1, 200, 1, 0.005000, 1.000000
469, 3, 200, 4, 0.015000, 0.750000
470, 2, 200, 2, 0.010000, 1.000000
479, 3, 200, 4, 0.015000, 0.750000
481, 8, 200, 13, 0.040000, 0.615385
482, 16, 200, 23, 0.080000, 0.695652
483, 14, 200, 18, 0.070000, 0.777778
484, 3, 200, 4, 0.015000, 0.750000
485, 2, 200, 3, 0.010000, 0.666667
486, 1, 200, 1, 0.005000, 1.000000
487, 17, 200, 19, 0.085000, 0.894737
488, 2, 200, 6, 0.010000, 0.333333
489, 1, 200, 1, 0.005000, 1.000000
490, 0, 200, 1, 0.000000, 0.000000
492, 0, 200, 1, 0.000000, 0.000000
493, 1, 200, 1, 0.005000, 1.000000
496, 1, 200, 2, 0.005000, 0.500000
497, 1, 200, 3, 0.005000, 0.333333
499, 2, 200, 3, 0.010000, 0.666667
500, 4, 200, 5, 0.020000, 0.800000
502, 4, 200, 4, 0.020000, 1.000000
503, 1, 200, 1, 0.005000, 1.000000
504, 18, 200, 23, 0.090000, 0.782609
505, 1, 200, 2, 0.005000, 0.500000
506, 5, 200, 9, 0.025000, 0.555556
507, 6, 200, 10, 0.030000, 0.600000
508, 0, 200, 2, 0.000000, 0.000000
509, 9, 200, 12, 0.045000, 0.750000
510, 10, 200, 14, 0.050000, 0.714286
511, 7, 200, 9, 0.035000, 0.777778
512, 1, 200, 1, 0.005000, 1.000000
513, 3, 200, 4, 0.015000, 0.750000
515, 5, 200, 10, 0.025000, 0.500000
517, 3, 200, 6, 0.015000, 0.500000
518, 3, 200, 4, 0.015000, 0.750000
521, 1, 200, 1, 0.005000, 1.000000
522, 0, 200, 1, 0.000000, 0.000000
525, 1, 200, 2, 0.005000, 0.500000
526, 4, 200, 4, 0.020000, 1.000000
527, 1, 200, 1, 0.005000, 1.000000
528, 9, 200, 19, 0.045000, 0.473684
529, 4, 200, 9, 0.020000, 0.444444
532, 0, 200, 1, 0.000000, 0.000000
533, 4, 200, 4, 0.020000, 1.000000
534, 5, 200, 9, 0.025000, 0.555556
537, 7, 200, 11, 0.035000, 0.636364
539, 3, 200, 4, 0.015000, 0.750000
540, 18, 200, 35, 0.090000, 0.514286
541, 1, 200, 3, 0.005000, 0.333333
542, 25, 200, 41, 0.125000, 0.609756
543, 1, 200, 1, 0.005000, 1.000000
544, 1, 200, 5, 0.005000, 0.200000
545, 2, 200, 2, 0.010000, 1.000000
546, 8, 200, 11, 0.040000, 0.727273
550, 10, 200, 14, 0.050000, 0.714286
551, 1, 200, 6, 0.005000, 0.166667
552, 0, 200, 1, 0.000000, 0.000000
553, 5, 200, 17, 0.025000, 0.294118
554, 0, 200, 1, 0.000000, 0.000000
556, 15, 200, 21, 0.075000, 0.714286
557, 4, 200, 4, 0.020000, 1.000000
558, 0, 200, 1, 0.000000, 0.000000
559, 2, 200, 3, 0.010000, 0.666667
560, 3, 200, 4, 0.015000, 0.750000
561, 4, 200, 12, 0.020000, 0.333333
562, 0, 200, 5, 0.000000, 0.000000
563, 3, 200, 3, 0.015000, 1.000000
564, 20, 200, 22, 0.100000, 0.909091
566, 7, 200, 11, 0.035000, 0.636364
567, 10, 200, 16, 0.050000, 0.625000
569, 1, 200, 1, 0.005000, 1.000000
570, 2, 200, 4, 0.010000, 0.500000
572, 2, 200, 2, 0.010000, 1.000000
573, 2, 200, 2, 0.010000, 1.000000
574, 2, 200, 7, 0.010000, 0.285714
575, 1, 200, 6, 0.005000, 0.166667
576, 0, 200, 3, 0.000000, 0.000000
578, 3, 200, 3, 0.015000, 1.000000
580, 7, 200, 11, 0.035000, 0.636364
581, 4, 200, 4, 0.020000, 1.000000
583, 7, 200, 12, 0.035000, 0.583333
585, 3, 200, 3, 0.015000, 1.000000
586, 12, 200, 16, 0.060000, 0.750000
588, 8, 200, 8, 0.040000, 1.000000
589, 1, 200, 2, 0.005000, 0.500000
590, 3, 200, 3, 0.015000, 1.000000
591, 2, 200, 4, 0.010000, 0.500000
592, 13, 200, 19, 0.065000, 0.684211
593, 2, 200, 2, 0.010000, 1.000000
594, 4, 200, 10, 0.020000, 0.400000
595, 1, 200, 2, 0.005000, 0.500000
597, 4, 200, 5, 0.020000, 0.800000
598, 5, 200, 11, 0.025000, 0.454545
599, 1, 200, 1, 0.005000, 1.000000
600, 3, 200, 4, 0.015000, 0.750000
604, 2, 200, 5, 0.010000, 0.400000
607, 2, 200, 4, 0.010000, 0.500000
610, 5, 200, 7, 0.025000, 0.714286
611, 1, 200, 3, 0.005000, 0.333333
612, 11, 200, 19, 0.055000, 0.578947
613, 3, 200, 6, 0.015000, 0.500000
616, 3, 200, 4, 0.015000, 0.750000
617, 0, 200, 2, 0.000000, 0.000000
619, 1, 200, 6, 0.005000, 0.166667
621, 6, 200, 14, 0.030000, 0.428571
622, 12, 200, 18, 0.060000, 0.666667
623, 8, 200, 9, 0.040000, 0.888889
624, 10, 200, 16, 0.050000, 0.625000
625, 12, 200, 21, 0.060000, 0.571429
626, 11, 200, 16, 0.055000, 0.687500
627, 1, 200, 1, 0.005000, 1.000000
628, 4, 200, 5, 0.020000, 0.800000
629, 12, 200, 14, 0.060000, 0.857143
630, 5, 200, 9, 0.025000, 0.555556
631, 4, 200, 4, 0.020000, 1.000000
633, 1, 200, 1, 0.005000, 1.000000
634, 12, 200, 21, 0.060000, 0.571429
635, 10, 200, 16, 0.050000, 0.625000
636, 7, 200, 13, 0.035000, 0.538462
637, 7, 200, 11, 0.035000, 0.636364
638, 2, 200, 2, 0.010000, 1.000000
639, 3, 200, 4, 0.015000, 0.750000
641, 1, 200, 2, 0.005000, 0.500000
642, 1, 200, 1, 0.005000, 1.000000
643, 12, 200, 16, 0.060000, 0.750000
645, 7, 200, 12, 0.035000, 0.583333
646, 6, 200, 8, 0.030000, 0.750000
647, 13, 200, 19, 0.065000, 0.684211
648, 9, 200, 15, 0.045000, 0.600000
649, 2, 200, 6, 0.010000, 0.333333
650, 13, 200, 22, 0.065000, 0.590909
653, 4, 200, 7, 0.020000, 0.571429
655, 4, 200, 7, 0.020000, 0.571429
656, 0, 200, 2, 0.000000, 0.000000
657, 1, 200, 2, 0.005000, 0.500000
659, 7, 200, 13, 0.035000, 0.538462
660, 0, 200, 2, 0.000000, 0.000000
661, 6, 200, 14, 0.030000, 0.428571
662, 0, 200, 2, 0.000000, 0.000000
663, 5, 200, 5, 0.025000, 1.000000
665, 3, 200, 5, 0.015000, 0.600000
667, 18, 200, 26, 0.090000, 0.692308
668, 1, 200, 1, 0.005000, 1.000000
669, 3, 200, 3, 0.015000, 1.000000
672, 12, 200, 18, 0.060000, 0.666667
675, 5, 200, 5, 0.025000, 1.000000
676, 9, 200, 13, 0.045000, 0.692308
678, 4, 200, 4, 0.020000, 1.000000
679, 13, 200, 21, 0.065000, 0.619048
680, 3, 200, 4, 0.015000, 0.750000
681, 4, 200, 8, 0.020000, 0.500000
682, 16, 200, 23, 0.080000, 0.695652
685, 9, 200, 15, 0.045000, 0.600000
686, 11, 200, 13, 0.055000, 0.846154
688, 8, 200, 14, 0.040000, 0.571429
690, 8, 200, 17, 0.040000, 0.470588
691, 14, 200, 19, 0.070000, 0.736842
692, 2, 200, 2, 0.010000, 1.000000
693, 3, 200, 3, 0.015000, 1.000000
695, 0, 200, 4, 0.000000, 0.000000
696, 8, 200, 12, 0.040000, 0.666667
697, 2, 200, 2, 0.010000, 1.000000
698, 3, 200, 8, 0.015000, 0.375000
699, 4, 200, 7, 0.020000, 0.571429
702, 1, 200, 1, 0.005000, 1.000000
703, 3, 200, 5, 0.015000, 0.600000
704, 9, 200, 10, 0.045000, 0.900000
705, 11, 200, 14, 0.055000, 0.785714
706, 5, 200, 6, 0.025000, 0.833333
707, 6, 200, 6, 0.030000, 1.000000
708, 1, 200, 1, 0.005000, 1.000000
710, 7, 200, 15, 0.035000, 0.466667
711, 5, 200, 11, 0.025000, 0.454545
712, 1, 200, 1, 0.005000, 1.000000
713, 14, 200, 18, 0.070000, 0.777778
714, 1, 200, 4, 0.005000, 0.250000
715, 4, 200, 6, 0.020000, 0.666667
718, 5, 200, 6, 0.025000, 0.833333
719, 7, 200, 8, 0.035000, 0.875000
720, 2, 200, 2, 0.010000, 1.000000
721, 11, 200, 15, 0.055000, 0.733333
722, 6, 200, 7, 0.030000, 0.857143
723, 1, 200, 1, 0.005000, 1.000000
725, 4, 200, 7, 0.020000, 0.571429
726, 4, 200, 10, 0.020000, 0.400000
727, 4, 200, 6, 0.020000, 0.666667
729, 2, 200, 4, 0.010000, 0.500000
731, 2, 200, 5, 0.010000, 0.400000
732, 2, 200, 2, 0.010000, 1.000000
733, 1, 200, 1, 0.005000, 1.000000
734, 3, 200, 5, 0.015000, 0.600000
735, 5, 200, 7, 0.025000, 0.714286
736, 15, 200, 16, 0.075000, 0.937500
738, 3, 200, 4, 0.015000, 0.750000
739, 4, 200, 7, 0.020000, 0.571429
740, 1, 200, 1, 0.005000, 1.000000
741, 1, 200, 4, 0.005000, 0.250000
742, 0, 200, 1, 0.000000, 0.000000
743, 2, 200, 2, 0.010000, 1.000000
745, 7, 200, 10, 0.035000, 0.700000
747, 8, 200, 16, 0.040000, 0.500000
748, 3, 200, 7, 0.015000, 0.428571
749, 4, 200, 5, 0.020000, 0.800000
750, 14, 200, 28, 0.070000, 0.500000
751, 2, 200, 4, 0.010000, 0.500000
752, 13, 200, 17, 0.065000, 0.764706
753, 0, 200, 2, 0.000000, 0.000000
755, 9, 200, 12, 0.045000, 0.750000
756, 2, 200, 3, 0.010000, 0.666667
757, 2, 200, 3, 0.010000, 0.666667
758, 16, 200, 22, 0.080000, 0.727273
759, 5, 200, 6, 0.025000, 0.833333
760, 8, 200, 17, 0.040000, 0.470588
762, 6, 200, 9, 0.030000, 0.666667
763, 9, 200, 10, 0.045000, 0.900000
765, 1, 200, 1, 0.005000, 1.000000
768, 2, 200, 3, 0.010000, 0.666667
769, 12, 200, 17, 0.060000, 0.705882
770, 8, 200, 9, 0.040000, 0.888889
771, 14, 200, 23, 0.070000, 0.608696
772, 12, 200, 21, 0.060000, 0.571429
773, 1, 200, 1, 0.005000, 1.000000
774, 0, 200, 1, 0.000000, 0.000000
775, 6, 200, 6, 0.030000, 1.000000
776, 1, 200, 1, 0.005000, 1.000000
777, 7, 200, 14, 0.035000, 0.500000
778, 1, 200, 1, 0.005000, 1.000000
779, 13, 200, 16, 0.065000, 0.812500
780, 2, 200, 7, 0.010000, 0.285714
781, 1, 200, 1, 0.005000, 1.000000
782, 10, 200, 17, 0.050000, 0.588235
783, 5, 200, 10, 0.025000, 0.500000
784, 2, 200, 2, 0.010000, 1.000000
785, 0, 200, 1, 0.000000, 0.000000
786, 4, 200, 9, 0.020000, 0.444444
787, 8, 200, 9, 0.040000, 0.888889
788, 8, 200, 20, 0.040000, 0.400000
790, 5, 200, 7, 0.025000, 0.714286
791, 0, 200, 3, 0.000000, 0.000000
792, 8, 200, 8, 0.040000, 1.000000
795, 23, 200, 38, 0.115000, 0.605263
796, 9, 200, 13, 0.045000, 0.692308
798, 5, 200, 9, 0.025000, 0.555556
800, 6, 200, 13, 0.030000, 0.461538
801, 5, 200, 13, 0.025000, 0.384615
802, 2, 200, 3, 0.010000, 0.666667
803, 12, 200, 25, 0.060000, 0.480000
804, 1, 200, 4, 0.005000, 0.250000
805, 9, 200, 10, 0.045000, 0.900000
806, 0, 200, 1, 0.000000, 0.000000
807, 18, 200, 33, 0.090000, 0.545455
808, 5, 200, 12, 0.025000, 0.416667
809, 13, 200, 14, 0.065000, 0.928571
810, 17, 200, 30, 0.085000, 0.566667
811, 8, 200, 12, 0.040000, 0.666667
812, 0, 200, 1, 0.000000, 0.000000
813, 5, 200, 9, 0.025000, 0.555556
814, 3, 200, 5, 0.015000, 0.600000
815, 6, 200, 13, 0.030000, 0.461538
816, 7, 200, 13, 0.035000, 0.538462
817, 5, 200, 11, 0.025000, 0.454545
818, 19, 200, 23, 0.095000, 0.826087
819, 6, 200, 11, 0.030000, 0.545455
820, 18, 200, 27, 0.090000, 0.666667
821, 8, 200, 15, 0.040000, 0.533333
823, 7, 200, 9, 0.035000, 0.777778
824, 9, 200, 13, 0.045000, 0.692308
825, 9, 200, 11, 0.045000, 0.818182
826, 15, 200, 18, 0.075000, 0.833333
827, 12, 200, 14, 0.060000, 0.857143
828, 5, 200, 7, 0.025000, 0.714286
829, 15, 200, 27, 0.075000, 0.555556
830, 4, 200, 6, 0.020000, 0.666667
833, 14, 200, 23, 0.070000, 0.608696
836, 8, 200, 22, 0.040000, 0.363636
837, 1, 200, 1, 0.005000, 1.000000
839, 20, 200, 25, 0.100000, 0.800000
841, 19, 200, 26, 0.095000, 0.730769
842, 11, 200, 26, 0.055000, 0.423077
843, 5, 200, 18, 0.025000, 0.277778
844, 11, 200, 16, 0.055000, 0.687500
845, 16, 200, 23, 0.080000, 0.695652
846, 9, 200, 10, 0.045000, 0.900000
847, 4, 200, 9, 0.020000, 0.444444
848, 10, 200, 11, 0.050000, 0.909091
849, 20, 200, 35, 0.100000, 0.571429
850, 4, 200, 5, 0.020000, 0.800000
851, 14, 200, 20, 0.070000, 0.700000
852, 3, 200, 3, 0.015000, 1.000000
853, 4, 200, 9, 0.020000, 0.444444
854, 16, 200, 18, 0.080000, 0.888889
855, 16, 200, 22, 0.080000, 0.727273
856, 8, 200, 10, 0.040000, 0.800000
857, 13, 200, 22, 0.065000, 0.590909
858, 13, 200, 17, 0.065000, 0.764706
859, 12, 200, 15, 0.060000, 0.800000
860, 15, 200, 25, 0.075000, 0.600000
861, 9, 200, 13, 0.045000, 0.692308
862, 4, 200, 4, 0.020000, 1.000000
863, 5, 200, 7, 0.025000, 0.714286
864, 7, 200, 8, 0.035000, 0.875000
865, 6, 200, 8, 0.030000, 0.750000
866, 9, 200, 15, 0.045000, 0.600000
867, 8, 200, 11, 0.040000, 0.727273
869, 6, 200, 8, 0.030000, 0.750000
870, 18, 200, 29, 0.090000, 0.620690
871, 2, 200, 5, 0.010000, 0.400000
872, 10, 200, 13, 0.050000, 0.769231
873, 14, 200, 17, 0.070000, 0.823529
874, 7, 200, 12, 0.035000, 0.583333
875, 10, 200, 24, 0.050000, 0.416667
876, 8, 200, 16, 0.040000, 0.500000
877, 1, 200, 4, 0.005000, 0.250000
878, 7, 200, 10, 0.035000, 0.700000
879, 11, 200, 15, 0.055000, 0.733333
880, 0, 200, 1, 0.000000, 0.000000
881, 1, 200, 2, 0.005000, 0.500000
882, 11, 200, 15, 0.055000, 0.733333
883, 9, 200, 9, 0.045000, 1.000000
884, 8, 200, 12, 0.040000, 0.666667
885, 18, 200, 25, 0.090000, 0.720000
886, 10, 200, 14, 0.050000, 0.714286
887, 3, 200, 5, 0.015000, 0.600000
888, 2, 200, 3, 0.010000, 0.666667
889, 10, 200, 17, 0.050000, 0.588235
890, 7, 200, 14, 0.035000, 0.500000
891, 10, 200, 18, 0.050000, 0.555556
892, 12, 200, 19, 0.060000, 0.631579
893, 15, 200, 20, 0.075000, 0.750000
894, 7, 200, 11, 0.035000, 0.636364
895, 10, 200, 17, 0.050000, 0.588235
896, 2, 200, 7, 0.010000, 0.285714
897, 9, 200, 12, 0.045000, 0.750000
898, 2, 200, 2, 0.010000, 1.000000
899, 2, 200, 4, 0.010000, 0.500000
900, 5, 200, 8, 0.025000, 0.625000
901, 12, 200, 16, 0.060000, 0.750000
902, 1, 200, 2, 0.005000, 0.500000
903, 6, 200, 6, 0.030000, 1.000000
904, 2, 200, 4, 0.010000, 0.500000
905, 10, 200, 13, 0.050000, 0.769231
906, 15, 200, 21, 0.075000, 0.714286
907, 16, 200, 22, 0.080000, 0.727273
908, 12, 200, 24, 0.060000, 0.500000
909, 8, 200, 12, 0.040000, 0.666667
910, 2, 200, 2, 0.010000, 1.000000
911, 13, 200, 23, 0.065000, 0.565217
912, 5, 200, 6, 0.025000, 0.833333
913, 1, 200, 4, 0.005000, 0.250000
914, 17, 200, 26, 0.085000, 0.653846
915, 18, 200, 26, 0.090000, 0.692308
916, 13, 200, 23, 0.065000, 0.565217
917, 6, 200, 8, 0.030000, 0.750000
918, 7, 200, 9, 0.035000, 0.777778
919, 4, 200, 5, 0.020000, 0.800000
920, 3, 200, 7, 0.015000, 0.428571
921, 14, 200, 18, 0.070000, 0.777778
922, 16, 200, 22, 0.080000, 0.727273
923, 8, 200, 11, 0.040000, 0.727273
924, 4, 200, 6, 0.020000, 0.666667
925, 5, 200, 9, 0.025000, 0.555556
926, 7, 200, 12, 0.035000, 0.583333
927, 13, 200, 15, 0.065000, 0.866667
928, 3, 200, 11, 0.015000, 0.272727
929, 2, 200, 7, 0.010000, 0.285714
930, 17, 200, 26, 0.085000, 0.653846
931, 4, 200, 4, 0.020000, 1.000000
932, 4, 200, 7, 0.020000, 0.571429
933, 2, 200, 3, 0.010000, 0.666667
934, 0, 200, 1, 0.000000, 0.000000
935, 3, 200, 4, 0.015000, 0.750000
936, 6, 200, 8, 0.030000, 0.750000
938, 9, 200, 16, 0.045000, 0.562500
939, 3, 200, 3, 0.015000, 1.000000
940, 2, 200, 3, 0.010000, 0.666667
941, 5, 200, 6, 0.025000, 0.833333
942, 6, 200, 8, 0.030000, 0.750000
943, 4, 200, 5, 0.020000, 0.800000
944, 6, 200, 12, 0.030000, 0.500000
945, 6, 200, 6, 0.030000, 1.000000
946, 0, 200, 1, 0.000000, 0.000000
947, 0, 200, 2, 0.000000, 0.000000
948, 1, 200, 1, 0.005000, 1.000000
949, 3, 200, 3, 0.015000, 1.000000
951, 2, 200, 3, 0.010000, 0.666667
952, 5, 200, 8, 0.025000, 0.625000
953, 1, 200, 2, 0.005000, 0.500000
954, 2, 200, 3, 0.010000, 0.666667
955, 5, 200, 6, 0.025000, 0.833333
957, 3, 200, 5, 0.015000, 0.600000
958, 1, 200, 1, 0.005000, 1.000000
959, 4, 200, 5, 0.020000, 0.800000
964, 0, 200, 2, 0.000000, 0.000000
965, 0, 200, 1, 0.000000, 0.000000
967, 2, 200, 2, 0.010000, 1.000000
970, 1, 200, 1, 0.005000, 1.000000
974, 1, 200, 1, 0.005000, 1.000000
