0, 45, 200, 51, 0.225000, 0.882353
1, 24, 200, 25, 0.120000, 0.960000
2, 7, 200, 7, 0.035000, 1.000000
3, 22, 200, 26, 0.110000, 0.846154
4, 20, 200, 20, 0.100000, 1.000000
5, 8, 200, 11, 0.040000, 0.727273
6, 26, 200, 28, 0.130000, 0.928571
7, 30, 200, 34, 0.150000, 0.882353
8, 16, 200, 17, 0.080000, 0.941176
9, 17, 200, 18, 0.085000, 0.944444
10, 23, 200, 30, 0.115000, 0.766667
11, 21, 200, 22, 0.105000, 0.954545
12, 15, 200, 15, 0.075000, 1.000000
13, 22, 200, 23, 0.110000, 0.956522
14, 19, 200, 23, 0.095000, 0.826087
15, 46, 200, 48, 0.230000, 0.958333
16, 34, 200, 36, 0.170000, 0.944444
17, 23, 200, 25, 0.115000, 0.920000
18, 16, 200, 17, 0.080000, 0.941176
19, 29, 200, 32, 0.145000, 0.906250
20, 1, 200, 2, 0.005000, 0.500000
21, 15, 200, 18, 0.075000, 0.833333
22, 32, 200, 44, 0.160000, 0.727273
23, 17, 200, 17, 0.085000, 1.000000
24, 37, 200, 42, 0.185000, 0.880952
25, 11, 200, 12, 0.055000, 0.916667
26, 15, 200, 15, 0.075000, 1.000000
27, 14, 200, 18, 0.070000, 0.777778
28, 19, 200, 23, 0.095000, 0.826087
29, 4, 200, 4, 0.020000, 1.000000
30, 13, 200, 15, 0.065000, 0.866667
31, 41, 200, 47, 0.205000, 0.872340
32, 12, 200, 12, 0.060000, 1.000000
33, 9, 200, 9, 0.045000, 1.000000
34, 10, 200, 13, 0.050000, 0.769231
35, 49, 200, 52, 0.245000, 0.942308
36, 4, 200, 4, 0.020000, 1.000000
37, 24, 200, 29, 0.120000, 0.827586
38, 24, 200, 25, 0.120000, 0.960000
39, 3, 200, 3, 0.015000, 1.000000
40, 8, 200, 8, 0.040000, 1.000000
41, 18, 200, 24, 0.090000, 0.750000
42, 13, 200, 15, 0.065000, 0.866667
43, 22, 200, 33, 0.110000, 0.666667
44, 45, 200, 48, 0.225000, 0.937500
45, 16, 200, 21, 0.080000, 0.761905
46, 15, 200, 15, 0.075000, 1.000000
47, 2, 200, 2, 0.010000, 1.000000
48, 22, 200, 28, 0.110000, 0.785714
49, 4, 200, 10, 0.020000, 0.400000
50, 40, 200, 52, 0.200000, 0.769231
51, 13, 200, 13, 0.065000, 1.000000
52, 10, 200, 11, 0.050000, 0.909091
53, 19, 200, 20, 0.095000, 0.950000
54, 18, 200, 18, 0.090000, 1.000000
55, 8, 200, 9, 0.040000, 0.888889
56, 4, 200, 4, 0.020000, 1.000000
57, 12, 200, 12, 0.060000, 1.000000
58, 4, 200, 4, 0.020000, 1.000000
59, 23, 200, 28, 0.115000, 0.821429
60, 15, 200, 22, 0.075000, 0.681818
61, 9, 200, 10, 0.045000, 0.900000
62, 24, 200, 26, 0.120000, 0.923077
63, 20, 200, 25, 0.100000, 0.800000
64, 9, 200, 11, 0.045000, 0.818182
65, 9, 200, 12, 0.045000, 0.750000
66, 6, 200, 6, 0.030000, 1.000000
67, 19, 200, 19, 0.095000, 1.000000
68, 30, 200, 31, 0.150000, 0.967742
69, 3, 200, 4, 0.015000, 0.750000
70, 45, 200, 52, 0.225000, 0.865385
71, 41, 200, 46, 0.205000, 0.891304
72, 34, 200, 48, 0.170000, 0.708333
73, 12, 200, 12, 0.060000, 1.000000
74, 4, 200, 4, 0.020000, 1.000000
75, 23, 200, 24, 0.115000, 0.958333
76, 12, 200, 13, 0.060000, 0.923077
77, 30, 200, 35, 0.150000, 0.857143
78, 49, 200, 52, 0.245000, 0.942308
79, 6, 200, 10, 0.030000, 0.600000
80, 28, 200, 35, 0.140000, 0.800000
81, 16, 200, 17, 0.080000, 0.941176
82, 15, 200, 20, 0.075000, 0.750000
83, 33, 200, 36, 0.165000, 0.916667
84, 4, 200, 4, 0.020000, 1.000000
85, 41, 200, 47, 0.205000, 0.872340
86, 22, 200, 25, 0.110000, 0.880000
87, 20, 200, 25, 0.100000, 0.800000
88, 13, 200, 15, 0.065000, 0.866667
89, 25, 200, 29, 0.125000, 0.862069
90, 9, 200, 9, 0.045000, 1.000000
91, 16, 200, 20, 0.080000, 0.800000
92, 26, 200, 26, 0.130000, 1.000000
93, 22, 200, 25, 0.110000, 0.880000
94, 11, 200, 13, 0.055000, 0.846154
95, 23, 200, 33, 0.115000, 0.696970
96, 5, 200, 5, 0.025000, 1.000000
97, 9, 200, 11, 0.045000, 0.818182
98, 39, 200, 43, 0.195000, 0.906977
99, 47, 200, 52, 0.235000, 0.903846
100, 9, 200, 13, 0.045000, 0.692308
101, 35, 200, 42, 0.175000, 0.833333
102, 37, 200, 43, 0.185000, 0.860465
104, 50, 200, 51, 0.250000, 0.980392
105, 14, 200, 14, 0.070000, 1.000000
106, 3, 200, 3, 0.015000, 1.000000
108, 18, 200, 19, 0.090000, 0.947368
109, 9, 200, 9, 0.045000, 1.000000
110, 16, 200, 21, 0.080000, 0.761905
111, 29, 200, 37, 0.145000, 0.783784
112, 11, 200, 11, 0.055000, 1.000000
113, 27, 200, 27, 0.135000, 1.000000
114, 8, 200, 8, 0.040000, 1.000000
115, 9, 200, 9, 0.045000, 1.000000
116, 11, 200, 15, 0.055000, 0.733333
117, 20, 200, 21, 0.100000, 0.952381
118, 22, 200, 23, 0.110000, 0.956522
119, 15, 200, 19, 0.075000, 0.789474
120, 20, 200, 23, 0.100000, 0.869565
121, 9, 200, 13, 0.045000, 0.692308
122, 24, 200, 31, 0.120000, 0.774194
123, 23, 200, 31, 0.115000, 0.741935
124, 14, 200, 16, 0.070000, 0.875000
125, 11, 200, 14, 0.055000, 0.785714
126, 2, 200, 2, 0.010000, 1.000000
127, 12, 200, 14, 0.060000, 0.857143
128, 14, 200, 14, 0.070000, 1.000000
129, 10, 200, 10, 0.050000, 1.000000
130, 17, 200, 19, 0.085000, 0.894737
131, 22, 200, 22, 0.110000, 1.000000
132, 32, 200, 35, 0.160000, 0.914286
133, 23, 200, 31, 0.115000, 0.741935
134, 10, 200, 14, 0.050000, 0.714286
135, 20, 200, 22, 0.100000, 0.909091
136, 13, 200, 13, 0.065000, 1.000000
137, 8, 200, 9, 0.040000, 0.888889
138, 5, 200, 5, 0.025000, 1.000000
139, 35, 200, 42, 0.175000, 0.833333
140, 20, 200, 20, 0.100000, 1.000000
141, 25, 200, 27, 0.125000, 0.925926
142, 21, 200, 27, 0.105000, 0.777778
143, 16, 200, 16, 0.080000, 1.000000
144, 8, 200, 8, 0.040000, 1.000000
145, 3, 200, 3, 0.015000, 1.000000
146, 24, 200, 26, 0.120000, 0.923077
147, 16, 200, 18, 0.080000, 0.888889
148, 9, 200, 9, 0.045000, 1.000000
149, 6, 200, 9, 0.030000, 0.666667
150, 24, 200, 30, 0.120000, 0.800000
151, 6, 200, 6, 0.030000, 1.000000
152, 24, 200, 26, 0.120000, 0.923077
153, 2, 200, 5, 0.010000, 0.400000
154, 7, 200, 11, 0.035000, 0.636364
155, 23, 200, 24, 0.115000, 0.958333
156, 26, 200, 26, 0.130000, 1.000000
157, 3, 200, 3, 0.015000, 1.000000
158, 24, 200, 26, 0.120000, 0.923077
159, 21, 200, 24, 0.105000, 0.875000
160, 30, 200, 35, 0.150000, 0.857143
161, 13, 200, 15, 0.065000, 0.866667
162, 4, 200, 6, 0.020000, 0.666667
163, 17, 200, 18, 0.085000, 0.944444
164, 15, 200, 18, 0.075000, 0.833333
165, 12, 200, 13, 0.060000, 0.923077
167, 21, 200, 21, 0.105000, 1.000000
168, 10, 200, 11, 0.050000, 0.909091
169, 11, 200, 12, 0.055000, 0.916667
171, 17, 200, 19, 0.085000, 0.894737
172, 29, 200, 29, 0.145000, 1.000000
173, 24, 200, 26, 0.120000, 0.923077
174, 18, 200, 25, 0.090000, 0.720000
175, 9, 200, 11, 0.045000, 0.818182
176, 23, 200, 25, 0.115000, 0.920000
177, 33, 200, 37, 0.165000, 0.891892
178, 42, 200, 46, 0.210000, 0.913043
179, 17, 200, 18, 0.085000, 0.944444
180, 12, 200, 12, 0.060000, 1.000000
181, 3, 200, 3, 0.015000, 1.000000
182, 21, 200, 24, 0.105000, 0.875000
184, 12, 200, 12, 0.060000, 1.000000
185, 10, 200, 16, 0.050000, 0.625000
186, 25, 200, 28, 0.125000, 0.892857
187, 5, 200, 5, 0.025000, 1.000000
188, 16, 200, 18, 0.080000, 0.888889
189, 2, 200, 4, 0.010000, 0.500000
190, 8, 200, 9, 0.040000, 0.888889
191, 13, 200, 13, 0.065000, 1.000000
192, 15, 200, 17, 0.075000, 0.882353
193, 32, 200, 41, 0.160000, 0.780488
194, 15, 200, 16, 0.075000, 0.937500
195, 12, 200, 12, 0.060000, 1.000000
196, 3, 200, 3, 0.015000, 1.000000
197, 25, 200, 26, 0.125000, 0.961538
198, 13, 200, 22, 0.065000, 0.590909
199, 19, 200, 21, 0.095000, 0.904762
200, 12, 200, 13, 0.060000, 0.923077
201, 16, 200, 18, 0.080000, 0.888889
202, 5, 200, 5, 0.025000, 1.000000
203, 19, 200, 24, 0.095000, 0.791667
204, 2, 200, 2, 0.010000, 1.000000
206, 12, 200, 12, 0.060000, 1.000000
207, 4, 200, 4, 0.020000, 1.000000
208, 15, 200, 23, 0.075000, 0.652174
209, 14, 200, 15, 0.070000, 0.933333
210, 27, 200, 29, 0.135000, 0.931034
211, 32, 200, 39, 0.160000, 0.820513
212, 17, 200, 24, 0.085000, 0.708333
213, 19, 200, 26, 0.095000, 0.730769
214, 9, 200, 9, 0.045000, 1.000000
215, 9, 200, 10, 0.045000, 0.900000
216, 4, 200, 4, 0.020000, 1.000000
217, 26, 200, 26, 0.130000, 1.000000
218, 26, 200, 31, 0.130000, 0.838710
219, 42, 200, 46, 0.210000, 0.913043
220, 15, 200, 19, 0.075000, 0.789474
221, 13, 200, 13, 0.065000, 1.000000
222, 10, 200, 10, 0.050000, 1.000000
223, 6, 200, 8, 0.030000, 0.750000
224, 11, 200, 15, 0.055000, 0.733333
225, 9, 200, 11, 0.045000, 0.818182
226, 17, 200, 20, 0.085000, 0.850000
227, 15, 200, 17, 0.075000, 0.882353
228, 23, 200, 30, 0.115000, 0.766667
229, 13, 200, 13, 0.065000, 1.000000
230, 29, 200, 34, 0.145000, 0.852941
231, 9, 200, 9, 0.045000, 1.000000
232, 14, 200, 14, 0.070000, 1.000000
233, 2, 200, 3, 0.010000, 0.666667
234, 23, 200, 24, 0.115000, 0.958333
235, 24, 200, 28, 0.120000, 0.857143
236, 15, 200, 18, 0.075000, 0.833333
237, 2, 200, 4, 0.010000, 0.500000
238, 21, 200, 23, 0.105000, 0.913043
239, 7, 200, 11, 0.035000, 0.636364
240, 2, 200, 2, 0.010000, 1.000000
241, 16, 200, 16, 0.080000, 1.000000
242, 12, 200, 12, 0.060000, 1.000000
243, 14, 200, 14, 0.070000, 1.000000
244, 7, 200, 8, 0.035000, 0.875000
245, 23, 200, 25, 0.115000, 0.920000
246, 9, 200, 11, 0.045000, 0.818182
247, 4, 200, 7, 0.020000, 0.571429
248, 10, 200, 10, 0.050000, 1.000000
249, 29, 200, 33, 0.145000, 0.878788
250, 9, 200, 10, 0.045000, 0.900000
251, 17, 200, 17, 0.085000, 1.000000
252, 21, 200, 25, 0.105000, 0.840000
253, 17, 200, 18, 0.085000, 0.944444
254, 7, 200, 7, 0.035000, 1.000000
255, 1, 200, 2, 0.005000, 0.500000
256, 32, 200, 33, 0.160000, 0.969697
257, 5, 200, 5, 0.025000, 1.000000
258, 21, 200, 25, 0.105000, 0.840000
259, 35, 200, 36, 0.175000, 0.972222
260, 16, 200, 18, 0.080000, 0.888889
261, 7, 200, 8, 0.035000, 0.875000
262, 5, 200, 5, 0.025000, 1.000000
263, 13, 200, 14, 0.065000, 0.928571
264, 18, 200, 18, 0.090000, 1.000000
265, 38, 200, 49, 0.190000, 0.775510
266, 49, 200, 54, 0.245000, 0.907407
267, 11, 200, 15, 0.055000, 0.733333
268, 7, 200, 8, 0.035000, 0.875000
269, 31, 200, 32, 0.155000, 0.968750
270, 9, 200, 9, 0.045000, 1.000000
271, 5, 200, 6, 0.025000, 0.833333
272, 22, 200, 23, 0.110000, 0.956522
273, 17, 200, 20, 0.085000, 0.850000
274, 5, 200, 8, 0.025000, 0.625000
275, 38, 200, 43, 0.190000, 0.883721
276, 15, 200, 18, 0.075000, 0.833333
277, 5, 200, 5, 0.025000, 1.000000
278, 29, 200, 30, 0.145000, 0.966667
279, 24, 200, 34, 0.120000, 0.705882
280, 9, 200, 10, 0.045000, 0.900000
281, 21, 200, 23, 0.105000, 0.913043
282, 2, 200, 2, 0.010000, 1.000000
283, 2, 200, 2, 0.010000, 1.000000
284, 4, 200, 4, 0.020000, 1.000000
285, 4, 200, 4, 0.020000, 1.000000
286, 16, 200, 22, 0.080000, 0.727273
287, 9, 200, 9, 0.045000, 1.000000
288, 43, 200, 47, 0.215000, 0.914894
289, 37, 200, 41, 0.185000, 0.902439
290, 12, 200, 13, 0.060000, 0.923077
291, 9, 200, 10, 0.045000, 0.900000
292, 27, 200, 32, 0.135000, 0.843750
293, 26, 200, 29, 0.130000, 0.896552
294, 22, 200, 25, 0.110000, 0.880000
295, 18, 200, 18, 0.090000, 1.000000
296, 33, 200, 35, 0.165000, 0.942857
297, 8, 200, 10, 0.040000, 0.800000
298, 19, 200, 23, 0.095000, 0.826087
299, 16, 200, 16, 0.080000, 1.000000
300, 4, 200, 4, 0.020000, 1.000000
301, 17, 200, 21, 0.085000, 0.809524
302, 7, 200, 7, 0.035000, 1.000000
303, 23, 200, 23, 0.115000, 1.000000
304, 23, 200, 28, 0.115000, 0.821429
305, 3, 200, 5, 0.015000, 0.600000
306, 30, 200, 34, 0.150000, 0.882353
307, 16, 200, 17, 0.080000, 0.941176
308, 4, 200, 5, 0.020000, 0.800000
309, 16, 200, 18, 0.080000, 0.888889
310, 24, 200, 28, 0.120000, 0.857143
311, 23, 200, 23, 0.115000, 1.000000
312, 4, 200, 5, 0.020000, 0.800000
313, 6, 200, 10, 0.030000, 0.600000
314, 7, 200, 7, 0.035000, 1.000000
315, 25, 200, 26, 0.125000, 0.961538
316, 4, 200, 4, 0.020000, 1.000000
317, 6, 200, 7, 0.030000, 0.857143
318, 3, 200, 3, 0.015000, 1.000000
319, 8, 200, 9, 0.040000, 0.888889
320, 36, 200, 37, 0.180000, 0.972973
321, 7, 200, 10, 0.035000, 0.700000
322, 17, 200, 17, 0.085000, 1.000000
323, 7, 200, 7, 0.035000, 1.000000
324, 8, 200, 8, 0.040000, 1.000000
325, 2, 200, 5, 0.010000, 0.400000
326, 8, 200, 10, 0.040000, 0.800000
327, 13, 200, 13, 0.065000, 1.000000
328, 2, 200, 2, 0.010000, 1.000000
329, 6, 200, 8, 0.030000, 0.750000
330, 38, 200, 42, 0.190000, 0.904762
331, 2, 200, 2, 0.010000, 1.000000
332, 19, 200, 19, 0.095000, 1.000000
334, 6, 200, 6, 0.030000, 1.000000
335, 13, 200, 15, 0.065000, 0.866667
336, 6, 200, 6, 0.030000, 1.000000
337, 10, 200, 15, 0.050000, 0.666667
338, 27, 200, 30, 0.135000, 0.900000
339, 4, 200, 4, 0.020000, 1.000000
340, 4, 200, 4, 0.020000, 1.000000
341, 4, 200, 5, 0.020000, 0.800000
342, 18, 200, 20, 0.090000, 0.900000
343, 16, 200, 19, 0.080000, 0.842105
344, 10, 200, 11, 0.050000, 0.909091
345, 11, 200, 18, 0.055000, 0.611111
346, 3, 200, 4, 0.015000, 0.750000
347, 12, 200, 14, 0.060000, 0.857143
348, 9, 200, 10, 0.045000, 0.900000
349, 10, 200, 11, 0.050000, 0.909091
350, 6, 200, 7, 0.030000, 0.857143
351, 14, 200, 14, 0.070000, 1.000000
352, 2, 200, 3, 0.010000, 0.666667
353, 7, 200, 7, 0.035000, 1.000000
354, 1, 200, 1, 0.005000, 1.000000
355, 25, 200, 31, 0.125000, 0.806452
356, 27, 200, 27, 0.135000, 1.000000
357, 10, 200, 10, 0.050000, 1.000000
358, 18, 200, 18, 0.090000, 1.000000
359, 37, 200, 41, 0.185000, 0.902439
360, 18, 200, 18, 0.090000, 1.000000
361, 2, 200, 2, 0.010000, 1.000000
362, 22, 200, 27, 0.110000, 0.814815
363, 13, 200, 15, 0.065000, 0.866667
364, 28, 200, 31, 0.140000, 0.903226
365, 13, 200, 13, 0.065000, 1.000000
366, 2, 200, 2, 0.010000, 1.000000
367, 15, 200, 16, 0.075000, 0.937500
368, 2, 200, 3, 0.010000, 0.666667
369, 6, 200, 6, 0.030000, 1.000000
370, 12, 200, 18, 0.060000, 0.666667
371, 3, 200, 6, 0.015000, 0.500000
372, 40, 200, 43, 0.200000, 0.930233
373, 8, 200, 8, 0.040000, 1.000000
374, 6, 200, 6, 0.030000, 1.000000
375, 35, 200, 42, 0.175000, 0.833333
376, 10, 200, 10, 0.050000, 1.000000
377, 26, 200, 30, 0.130000, 0.866667
378, 7, 200, 9, 0.035000, 0.777778
379, 10, 200, 12, 0.050000, 0.833333
380, 16, 200, 16, 0.080000, 1.000000
381, 4, 200, 5, 0.020000, 0.800000
382, 9, 200, 12, 0.045000, 0.750000
383, 14, 200, 15, 0.070000, 0.933333
384, 4, 200, 4, 0.020000, 1.000000
385, 12, 200, 14, 0.060000, 0.857143
386, 7, 200, 8, 0.035000, 0.875000
387, 12, 200, 14, 0.060000, 0.857143
388, 5, 200, 6, 0.025000, 0.833333
389, 5, 200, 5, 0.025000, 1.000000
390, 23, 200, 27, 0.115000, 0.851852
391, 17, 200, 23, 0.085000, 0.739130
392, 22, 200, 22, 0.110000, 1.000000
393, 8, 200, 9, 0.040000, 0.888889
394, 24, 200, 27, 0.120000, 0.888889
395, 1, 200, 1, 0.005000, 1.000000
396, 9, 200, 10, 0.045000, 0.900000
397, 2, 200, 2, 0.010000, 1.000000
398, 20, 200, 21, 0.100000, 0.952381
399, 27, 200, 30, 0.135000, 0.900000
400, 27, 200, 30, 0.135000, 0.900000
401, 10, 200, 11, 0.050000, 0.909091
402, 8, 200, 8, 0.040000, 1.000000
403, 6, 200, 7, 0.030000, 0.857143
404, 23, 200, 24, 0.115000, 0.958333
405, 26, 200, 27, 0.130000, 0.962963
406, 2, 200, 3, 0.010000, 0.666667
407, 7, 200, 7, 0.035000, 1.000000
408, 7, 200, 7, 0.035000, 1.000000
410, 32, 200, 32, 0.160000, 1.000000
411, 4, 200, 6, 0.020000, 0.666667
412, 2, 200, 4, 0.010000, 0.500000
413, 13, 200, 15, 0.065000, 0.866667
414, 9, 200, 9, 0.045000, 1.000000
415, 13, 200, 15, 0.065000, 0.866667
416, 5, 200, 5, 0.025000, 1.000000
417, 5, 200, 5, 0.025000, 1.000000
418, 5, 200, 5, 0.025000, 1.000000
419, 8, 200, 8, 0.040000, 1.000000
420, 12, 200, 13, 0.060000, 0.923077
421, 17, 200, 17, 0.085000, 1.000000
422, 6, 200, 6, 0.030000, 1.000000
423, 28, 200, 30, 0.140000, 0.933333
424, 13, 200, 15, 0.065000, 0.866667
425, 6, 200, 6, 0.030000, 1.000000
426, 10, 200, 11, 0.050000, 0.909091
427, 10, 200, 11, 0.050000, 0.909091
428, 21, 200, 21, 0.105000, 1.000000
429, 22, 200, 28, 0.110000, 0.785714
430, 11, 200, 13, 0.055000, 0.846154
431, 8, 200, 9, 0.040000, 0.888889
432, 10, 200, 10, 0.050000, 1.000000
433, 18, 200, 18, 0.090000, 1.000000
434, 1, 200, 1, 0.005000, 1.000000
435, 1, 200, 3, 0.005000, 0.333333
436, 15, 200, 18, 0.075000, 0.833333
437, 4, 200, 4, 0.020000, 1.000000
438, 2, 200, 2, 0.010000, 1.000000
439, 13, 200, 17, 0.065000, 0.764706
440, 3, 200, 3, 0.015000, 1.000000
441, 13, 200, 15, 0.065000, 0.866667
442, 4, 200, 6, 0.020000, 0.666667
443, 8, 200, 10, 0.040000, 0.800000
444, 13, 200, 15, 0.065000, 0.866667
445, 10, 200, 11, 0.050000, 0.909091
447, 6, 200, 7, 0.030000, 0.857143
448, 6, 200, 7, 0.030000, 0.857143
449, 23, 200, 28, 0.115000, 0.821429
450, 13, 200, 13, 0.065000, 1.000000
451, 16, 200, 18, 0.080000, 0.888889
452, 12, 200, 12, 0.060000, 1.000000
453, 19, 200, 19, 0.095000, 1.000000
454, 18, 200, 20, 0.090000, 0.900000
455, 21, 200, 22, 0.105000, 0.954545
456, 9, 200, 9, 0.045000, 1.000000
457, 26, 200, 27, 0.130000, 0.962963
458, 5, 200, 5, 0.025000, 1.000000
459, 17, 200, 21, 0.085000, 0.809524
460, 20, 200, 22, 0.100000, 0.909091
461, 12, 200, 12, 0.060000, 1.000000
462, 5, 200, 5, 0.025000, 1.000000
463, 17, 200, 20, 0.085000, 0.850000
464, 11, 200, 11, 0.055000, 1.000000
465, 2, 200, 2, 0.010000, 1.000000
466, 11, 200, 11, 0.055000, 1.000000
467, 9, 200, 11, 0.045000, 0.818182
468, 25, 200, 31, 0.125000, 0.806452
469, 7, 200, 9, 0.035000, 0.777778
470, 15, 200, 15, 0.075000, 1.000000
471, 8, 200, 10, 0.040000, 0.800000
472, 5, 200, 6, 0.025000, 0.833333
473, 9, 200, 14, 0.045000, 0.642857
474, 21, 200, 25, 0.105000, 0.840000
475, 7, 200, 7, 0.035000, 1.000000
476, 7, 200, 7, 0.035000, 1.000000
477, 21, 200, 23, 0.105000, 0.913043
478, 18, 200, 19, 0.090000, 0.947368
479, 2, 200, 2, 0.010000, 1.000000
480, 9, 200, 9, 0.045000, 1.000000
481, 14, 200, 15, 0.070000, 0.933333
482, 15, 200, 19, 0.075000, 0.789474
484, 5, 200, 8, 0.025000, 0.625000
485, 22, 200, 25, 0.110000, 0.880000
486, 2, 200, 2, 0.010000, 1.000000
487, 12, 200, 16, 0.060000, 0.750000
488, 0, 200, 2, 0.000000, 0.000000
489, 34, 200, 36, 0.170000, 0.944444
490, 20, 200, 24, 0.100000, 0.833333
491, 20, 200, 20, 0.100000, 1.000000
492, 28, 200, 36, 0.140000, 0.777778
493, 19, 200, 24, 0.095000, 0.791667
494, 6, 200, 6, 0.030000, 1.000000
495, 8, 200, 14, 0.040000, 0.571429
496, 8, 200, 10, 0.040000, 0.800000
497, 2, 200, 2, 0.010000, 1.000000
498, 15, 200, 15, 0.075000, 1.000000
499, 8, 200, 8, 0.040000, 1.000000
500, 2, 200, 2, 0.010000, 1.000000
501, 9, 200, 10, 0.045000, 0.900000
502, 13, 200, 20, 0.065000, 0.650000
503, 10, 200, 13, 0.050000, 0.769231
504, 5, 200, 5, 0.025000, 1.000000
505, 23, 200, 24, 0.115000, 0.958333
506, 3, 200, 4, 0.015000, 0.750000
507, 20, 200, 21, 0.100000, 0.952381
508, 2, 200, 2, 0.010000, 1.000000
509, 7, 200, 7, 0.035000, 1.000000
510, 1, 200, 1, 0.005000, 1.000000
511, 3, 200, 4, 0.015000, 0.750000
512, 11, 200, 11, 0.055000, 1.000000
513, 2, 200, 2, 0.010000, 1.000000
514, 5, 200, 7, 0.025000, 0.714286
515, 22, 200, 23, 0.110000, 0.956522
517, 4, 200, 4, 0.020000, 1.000000
518, 9, 200, 10, 0.045000, 0.900000
519, 15, 200, 18, 0.075000, 0.833333
520, 31, 200, 32, 0.155000, 0.968750
521, 16, 200, 19, 0.080000, 0.842105
522, 7, 200, 9, 0.035000, 0.777778
523, 4, 200, 4, 0.020000, 1.000000
524, 4, 200, 4, 0.020000, 1.000000
525, 20, 200, 20, 0.100000, 1.000000
526, 3, 200, 3, 0.015000, 1.000000
527, 3, 200, 4, 0.015000, 0.750000
528, 1, 200, 1, 0.005000, 1.000000
529, 15, 200, 17, 0.075000, 0.882353
530, 6, 200, 7, 0.030000, 0.857143
531, 2, 200, 2, 0.010000, 1.000000
532, 24, 200, 29, 0.120000, 0.827586
533, 15, 200, 15, 0.075000, 1.000000
534, 8, 200, 8, 0.040000, 1.000000
535, 6, 200, 6, 0.030000, 1.000000
536, 25, 200, 29, 0.125000, 0.862069
537, 13, 200, 14, 0.065000, 0.928571
538, 7, 200, 11, 0.035000, 0.636364
539, 7, 200, 7, 0.035000, 1.000000
540, 13, 200, 13, 0.065000, 1.000000
541, 6, 200, 6, 0.030000, 1.000000
542, 1, 200, 1, 0.005000, 1.000000
543, 5, 200, 5, 0.025000, 1.000000
544, 2, 200, 2, 0.010000, 1.000000
545, 13, 200, 13, 0.065000, 1.000000
546, 5, 200, 5, 0.025000, 1.000000
547, 16, 200, 17, 0.080000, 0.941176
548, 5, 200, 5, 0.025000, 1.000000
549, 5, 200, 8, 0.025000, 0.625000
550, 6, 200, 6, 0.030000, 1.000000
551, 19, 200, 21, 0.095000, 0.904762
552, 17, 200, 19, 0.085000, 0.894737
553, 3, 200, 4, 0.015000, 0.750000
554, 8, 200, 8, 0.040000, 1.000000
555, 7, 200, 7, 0.035000, 1.000000
557, 17, 200, 22, 0.085000, 0.772727
558, 3, 200, 3, 0.015000, 1.000000
560, 13, 200, 15, 0.065000, 0.866667
561, 8, 200, 9, 0.040000, 0.888889
562, 8, 200, 9, 0.040000, 0.888889
563, 10, 200, 10, 0.050000, 1.000000
564, 5, 200, 5, 0.025000, 1.000000
565, 8, 200, 8, 0.040000, 1.000000
566, 1, 200, 1, 0.005000, 1.000000
567, 1, 200, 1, 0.005000, 1.000000
568, 6, 200, 6, 0.030000, 1.000000
569, 20, 200, 22, 0.100000, 0.909091
570, 12, 200, 12, 0.060000, 1.000000
571, 12, 200, 13, 0.060000, 0.923077
572, 15, 200, 16, 0.075000, 0.937500
573, 7, 200, 7, 0.035000, 1.000000
574, 4, 200, 4, 0.020000, 1.000000
575, 5, 200, 5, 0.025000, 1.000000
576, 8, 200, 8, 0.040000, 1.000000
577, 8, 200, 10, 0.040000, 0.800000
578, 32, 200, 37, 0.160000, 0.864865
579, 11, 200, 12, 0.055000, 0.916667
580, 10, 200, 11, 0.050000, 0.909091
581, 7, 200, 8, 0.035000, 0.875000
582, 3, 200, 3, 0.015000, 1.000000
584, 17, 200, 18, 0.085000, 0.944444
585, 27, 200, 29, 0.135000, 0.931034
587, 7, 200, 12, 0.035000, 0.583333
588, 1, 200, 1, 0.005000, 1.000000
589, 9, 200, 9, 0.045000, 1.000000
591, 4, 200, 5, 0.020000, 0.800000
592, 4, 200, 4, 0.020000, 1.000000
593, 13, 200, 14, 0.065000, 0.928571
594, 8, 200, 8, 0.040000, 1.000000
595, 3, 200, 3, 0.015000, 1.000000
596, 10, 200, 13, 0.050000, 0.769231
597, 7, 200, 7, 0.035000, 1.000000
598, 1, 200, 3, 0.005000, 0.333333
599, 4, 200, 4, 0.020000, 1.000000
600, 4, 200, 4, 0.020000, 1.000000
601, 0, 200, 2, 0.000000, 0.000000
602, 3, 200, 6, 0.015000, 0.500000
603, 7, 200, 7, 0.035000, 1.000000
604, 2, 200, 3, 0.010000, 0.666667
605, 5, 200, 5, 0.025000, 1.000000
606, 4, 200, 4, 0.020000, 1.000000
608, 1, 200, 3, 0.005000, 0.333333
609, 10, 200, 15, 0.050000, 0.666667
610, 9, 200, 11, 0.045000, 0.818182
611, 5, 200, 8, 0.025000, 0.625000
612, 2, 200, 2, 0.010000, 1.000000
613, 7, 200, 7, 0.035000, 1.000000
614, 2, 200, 2, 0.010000, 1.000000
615, 6, 200, 6, 0.030000, 1.000000
616, 9, 200, 12, 0.045000, 0.750000
617, 1, 200, 1, 0.005000, 1.000000
618, 11, 200, 12, 0.055000, 0.916667
619, 14, 200, 15, 0.070000, 0.933333
620, 9, 200, 10, 0.045000, 0.900000
621, 5, 200, 5, 0.025000, 1.000000
622, 3, 200, 4, 0.015000, 0.750000
624, 0, 200, 3, 0.000000, 0.000000
625, 5, 200, 8, 0.025000, 0.625000
626, 5, 200, 5, 0.025000, 1.000000
627, 9, 200, 15, 0.045000, 0.600000
628, 13, 200, 13, 0.065000, 1.000000
629, 14, 200, 14, 0.070000, 1.000000
630, 7, 200, 7, 0.035000, 1.000000
631, 3, 200, 3, 0.015000, 1.000000
632, 7, 200, 7, 0.035000, 1.000000
633, 4, 200, 4, 0.020000, 1.000000
634, 4, 200, 4, 0.020000, 1.000000
635, 2, 200, 2, 0.010000, 1.000000
636, 1, 200, 1, 0.005000, 1.000000
637, 7, 200, 7, 0.035000, 1.000000
638, 2, 200, 2, 0.010000, 1.000000
639, 2, 200, 2, 0.010000, 1.000000
640, 5, 200, 5, 0.025000, 1.000000
641, 3, 200, 4, 0.015000, 0.750000
642, 3, 200, 3, 0.015000, 1.000000
643, 7, 200, 7, 0.035000, 1.000000
644, 11, 200, 16, 0.055000, 0.687500
645, 15, 200, 15, 0.075000, 1.000000
646, 2, 200, 3, 0.010000, 0.666667
647, 11, 200, 11, 0.055000, 1.000000
648, 4, 200, 4, 0.020000, 1.000000
649, 5, 200, 6, 0.025000, 0.833333
650, 3, 200, 3, 0.015000, 1.000000
651, 2, 200, 2, 0.010000, 1.000000
652, 10, 200, 13, 0.050000, 0.769231
653, 7, 200, 12, 0.035000, 0.583333
654, 6, 200, 6, 0.030000, 1.000000
655, 6, 200, 6, 0.030000, 1.000000
656, 6, 200, 6, 0.030000, 1.000000
657, 3, 200, 5, 0.015000, 0.600000
658, 1, 200, 1, 0.005000, 1.000000
659, 7, 200, 7, 0.035000, 1.000000
660, 4, 200, 4, 0.020000, 1.000000
661, 12, 200, 12, 0.060000, 1.000000
662, 3, 200, 3, 0.015000, 1.000000
664, 6, 200, 6, 0.030000, 1.000000
665, 10, 200, 10, 0.050000, 1.000000
666, 2, 200, 6, 0.010000, 0.333333
667, 1, 200, 1, 0.005000, 1.000000
669, 4, 200, 4, 0.020000, 1.000000
670, 5, 200, 5, 0.025000, 1.000000
671, 2, 200, 2, 0.010000, 1.000000
672, 3, 200, 4, 0.015000, 0.750000
673, 3, 200, 5, 0.015000, 0.600000
674, 4, 200, 4, 0.020000, 1.000000
675, 2, 200, 2, 0.010000, 1.000000
676, 7, 200, 8, 0.035000, 0.875000
677, 2, 200, 2, 0.010000, 1.000000
678, 2, 200, 3, 0.010000, 0.666667
679, 11, 200, 11, 0.055000, 1.000000
680, 6, 200, 6, 0.030000, 1.000000
681, 1, 200, 1, 0.005000, 1.000000
682, 3, 200, 3, 0.015000, 1.000000
683, 1, 200, 1, 0.005000, 1.000000
684, 0, 200, 1, 0.000000, 0.000000
685, 8, 200, 8, 0.040000, 1.000000
686, 3, 200, 3, 0.015000, 1.000000
687, 4, 200, 4, 0.020000, 1.000000
688, 4, 200, 4, 0.020000, 1.000000
689, 10, 200, 14, 0.050000, 0.714286
690, 4, 200, 4, 0.020000, 1.000000
691, 0, 200, 1, 0.000000, 0.000000
692, 3, 200, 3, 0.015000, 1.000000
693, 14, 200, 14, 0.070000, 1.000000
694, 8, 200, 8, 0.040000, 1.000000
695, 4, 200, 4, 0.020000, 1.000000
696, 3, 200, 3, 0.015000, 1.000000
697, 3, 200, 3, 0.015000, 1.000000
698, 3, 200, 3, 0.015000, 1.000000
699, 1, 200, 1, 0.005000, 1.000000
700, 3, 200, 3, 0.015000, 1.000000
701, 2, 200, 2, 0.010000, 1.000000
702, 6, 200, 7, 0.030000, 0.857143
703, 5, 200, 6, 0.025000, 0.833333
704, 2, 200, 2, 0.010000, 1.000000
707, 3, 200, 3, 0.015000, 1.000000
708, 1, 200, 1, 0.005000, 1.000000
709, 9, 200, 10, 0.045000, 0.900000
710, 2, 200, 2, 0.010000, 1.000000
711, 4, 200, 4, 0.020000, 1.000000
712, 2, 200, 2, 0.010000, 1.000000
713, 3, 200, 3, 0.015000, 1.000000
714, 3, 200, 3, 0.015000, 1.000000
715, 3, 200, 3, 0.015000, 1.000000
716, 5, 200, 5, 0.025000, 1.000000
717, 2, 200, 3, 0.010000, 0.666667
718, 1, 200, 1, 0.005000, 1.000000
719, 3, 200, 3, 0.015000, 1.000000
720, 6, 200, 6, 0.030000, 1.000000
721, 3, 200, 3, 0.015000, 1.000000
722, 3, 200, 3, 0.015000, 1.000000
723, 3, 200, 3, 0.015000, 1.000000
724, 2, 200, 2, 0.010000, 1.000000
725, 4, 200, 8, 0.020000, 0.500000
726, 6, 200, 6, 0.030000, 1.000000
727, 4, 200, 4, 0.020000, 1.000000
728, 3, 200, 3, 0.015000, 1.000000
729, 1, 200, 1, 0.005000, 1.000000
730, 2, 200, 2, 0.010000, 1.000000
731, 1, 200, 1, 0.005000, 1.000000
732, 3, 200, 3, 0.015000, 1.000000
733, 4, 200, 8, 0.020000, 0.500000
734, 1, 200, 2, 0.005000, 0.500000
735, 1, 200, 1, 0.005000, 1.000000
736, 1, 200, 1, 0.005000, 1.000000
737, 1, 200, 1, 0.005000, 1.000000
739, 8, 200, 8, 0.040000, 1.000000
740, 10, 200, 10, 0.050000, 1.000000
742, 2, 200, 5, 0.010000, 0.400000
743, 1, 200, 1, 0.005000, 1.000000
744, 4, 200, 4, 0.020000, 1.000000
746, 1, 200, 2, 0.005000, 0.500000
748, 8, 200, 9, 0.040000, 0.888889
749, 6, 200, 6, 0.030000, 1.000000
750, 2, 200, 2, 0.010000, 1.000000
751, 3, 200, 4, 0.015000, 0.750000
752, 5, 200, 5, 0.025000, 1.000000
753, 3, 200, 3, 0.015000, 1.000000
755, 9, 200, 10, 0.045000, 0.900000
756, 1, 200, 1, 0.005000, 1.000000
757, 1, 200, 1, 0.005000, 1.000000
759, 4, 200, 4, 0.020000, 1.000000
760, 2, 200, 2, 0.010000, 1.000000
761, 2, 200, 6, 0.010000, 0.333333
762, 2, 200, 2, 0.010000, 1.000000
763, 3, 200, 3, 0.015000, 1.000000
765, 1, 200, 1, 0.005000, 1.000000
766, 2, 200, 2, 0.010000, 1.000000
767, 1, 200, 1, 0.005000, 1.000000
770, 1, 200, 1, 0.005000, 1.000000
771, 1, 200, 1, 0.005000, 1.000000
772, 1, 200, 1, 0.005000, 1.000000
773, 1, 200, 1, 0.005000, 1.000000
776, 3, 200, 4, 0.015000, 0.750000
777, 1, 200, 1, 0.005000, 1.000000
780, 1, 200, 1, 0.005000, 1.000000
781, 6, 200, 6, 0.030000, 1.000000
782, 2, 200, 2, 0.010000, 1.000000
783, 4, 200, 4, 0.020000, 1.000000
784, 1, 200, 1, 0.005000, 1.000000
786, 2, 200, 2, 0.010000, 1.000000
787, 3, 200, 3, 0.015000, 1.000000
788, 4, 200, 6, 0.020000, 0.666667
789, 1, 200, 1, 0.005000, 1.000000
790, 2, 200, 2, 0.010000, 1.000000
791, 4, 200, 4, 0.020000, 1.000000
793, 1, 200, 1, 0.005000, 1.000000
794, 3, 200, 3, 0.015000, 1.000000
795, 2, 200, 2, 0.010000, 1.000000
798, 1, 200, 1, 0.005000, 1.000000
799, 3, 200, 3, 0.015000, 1.000000
800, 1, 200, 1, 0.005000, 1.000000
802, 0, 200, 1, 0.000000, 0.000000
803, 0, 200, 1, 0.000000, 0.000000
806, 4, 200, 4, 0.020000, 1.000000
807, 2, 200, 2, 0.010000, 1.000000
808, 1, 200, 1, 0.005000, 1.000000
812, 2, 200, 2, 0.010000, 1.000000
813, 3, 200, 3, 0.015000, 1.000000
815, 1, 200, 1, 0.005000, 1.000000
816, 1, 200, 1, 0.005000, 1.000000
818, 1, 200, 1, 0.005000, 1.000000
821, 2, 200, 2, 0.010000, 1.000000
822, 2, 200, 2, 0.010000, 1.000000
826, 1, 200, 1, 0.005000, 1.000000
827, 1, 200, 1, 0.005000, 1.000000
828, 1, 200, 1, 0.005000, 1.000000
829, 0, 200, 1, 0.000000, 0.000000
830, 1, 200, 1, 0.005000, 1.000000
834, 3, 200, 3, 0.015000, 1.000000
837, 0, 200, 1, 0.000000, 0.000000
