1, 7, 20, 9, 0.350000, 0.777778
2, 7, 20, 14, 0.350000, 0.500000
3, 1, 20, 1, 0.050000, 1.000000
4, 3, 20, 7, 0.150000, 0.428571
5, 0, 20, 1, 0.000000, 0.000000
9, 2, 20, 3, 0.100000, 0.666667
12, 3, 20, 7, 0.150000, 0.428571
13, 2, 20, 5, 0.100000, 0.400000
14, 3, 20, 6, 0.150000, 0.500000
20, 3, 20, 6, 0.150000, 0.500000
23, 1, 20, 1, 0.050000, 1.000000
25, 1, 20, 6, 0.050000, 0.166667
26, 6, 20, 23, 0.300000, 0.260870
28, 5, 20, 11, 0.250000, 0.454545
29, 2, 20, 5, 0.100000, 0.400000
30, 2, 20, 8, 0.100000, 0.250000
33, 1, 20, 2, 0.050000, 0.500000
34, 2, 20, 4, 0.100000, 0.500000
35, 0, 20, 1, 0.000000, 0.000000
36, 3, 20, 3, 0.150000, 1.000000
38, 1, 20, 4, 0.050000, 0.250000
39, 0, 20, 2, 0.000000, 0.000000
40, 2, 20, 3, 0.100000, 0.666667
41, 1, 20, 3, 0.050000, 0.333333
42, 1, 20, 1, 0.050000, 1.000000
43, 4, 20, 6, 0.200000, 0.666667
46, 5, 20, 6, 0.250000, 0.833333
47, 2, 20, 5, 0.100000, 0.400000
49, 1, 20, 5, 0.050000, 0.200000
50, 1, 20, 1, 0.050000, 1.000000
51, 1, 20, 2, 0.050000, 0.500000
52, 2, 20, 3, 0.100000, 0.666667
55, 6, 20, 8, 0.300000, 0.750000
56, 1, 20, 2, 0.050000, 0.500000
58, 6, 20, 7, 0.300000, 0.857143
59, 0, 20, 1, 0.000000, 0.000000
60, 2, 20, 4, 0.100000, 0.500000
61, 2, 20, 7, 0.100000, 0.285714
64, 7, 20, 14, 0.350000, 0.500000
66, 1, 20, 1, 0.050000, 1.000000
67, 4, 20, 6, 0.200000, 0.666667
69, 3, 20, 8, 0.150000, 0.375000
70, 8, 20, 12, 0.400000, 0.666667
73, 3, 20, 6, 0.150000, 0.500000
75, 1, 20, 3, 0.050000, 0.333333
78, 3, 20, 3, 0.150000, 1.000000
80, 1, 20, 1, 0.050000, 1.000000
81, 4, 20, 26, 0.200000, 0.153846
82, 6, 20, 10, 0.300000, 0.600000
84, 3, 20, 6, 0.150000, 0.500000
88, 1, 20, 2, 0.050000, 0.500000
89, 0, 20, 1, 0.000000, 0.000000
90, 2, 20, 7, 0.100000, 0.285714
96, 8, 20, 15, 0.400000, 0.533333
97, 1, 20, 1, 0.050000, 1.000000
98, 6, 20, 16, 0.300000, 0.375000
103, 5, 20, 18, 0.250000, 0.277778
104, 1, 20, 1, 0.050000, 1.000000
105, 1, 20, 1, 0.050000, 1.000000
106, 2, 20, 9, 0.100000, 0.222222
107, 8, 20, 38, 0.400000, 0.210526
108, 4, 20, 6, 0.200000, 0.666667
109, 5, 20, 10, 0.250000, 0.500000
110, 0, 20, 1, 0.000000, 0.000000
112, 2, 20, 3, 0.100000, 0.666667
113, 0, 20, 1, 0.000000, 0.000000
116, 0, 20, 2, 0.000000, 0.000000
117, 6, 20, 29, 0.300000, 0.206897
118, 7, 20, 12, 0.350000, 0.583333
119, 0, 20, 3, 0.000000, 0.000000
120, 3, 20, 8, 0.150000, 0.375000
123, 1, 20, 1, 0.050000, 1.000000
124, 3, 20, 4, 0.150000, 0.750000
127, 1, 20, 2, 0.050000, 0.500000
128, 0, 20, 2, 0.000000, 0.000000
129, 3, 20, 7, 0.150000, 0.428571
130, 0, 20, 1, 0.000000, 0.000000
133, 4, 20, 6, 0.200000, 0.666667
136, 1, 20, 4, 0.050000, 0.250000
137, 0, 20, 2, 0.000000, 0.000000
139, 5, 20, 11, 0.250000, 0.454545
140, 5, 20, 16, 0.250000, 0.312500
145, 7, 20, 36, 0.350000, 0.194444
147, 1, 20, 4, 0.050000, 0.250000
149, 2, 20, 4, 0.100000, 0.500000
151, 3, 20, 6, 0.150000, 0.500000
152, 0, 20, 1, 0.000000, 0.000000
153, 1, 20, 5, 0.050000, 0.200000
154, 1, 20, 7, 0.050000, 0.142857
155, 1, 20, 2, 0.050000, 0.500000
156, 1, 20, 7, 0.050000, 0.142857
158, 2, 20, 3, 0.100000, 0.666667
159, 2, 20, 2, 0.100000, 1.000000
160, 1, 20, 2, 0.050000, 0.500000
161, 2, 20, 4, 0.100000, 0.500000
162, 1, 20, 5, 0.050000, 0.200000
164, 1, 20, 1, 0.050000, 1.000000
165, 4, 20, 6, 0.200000, 0.666667
166, 3, 20, 13, 0.150000, 0.230769
168, 7, 20, 24, 0.350000, 0.291667
169, 2, 20, 10, 0.100000, 0.200000
172, 1, 20, 1, 0.050000, 1.000000
173, 1, 20, 10, 0.050000, 0.100000
174, 1, 20, 4, 0.050000, 0.250000
175, 1, 20, 9, 0.050000, 0.111111
179, 3, 20, 5, 0.150000, 0.600000
180, 6, 20, 19, 0.300000, 0.315789
183, 5, 20, 12, 0.250000, 0.416667
184, 2, 20, 7, 0.100000, 0.285714
185, 0, 20, 3, 0.000000, 0.000000
187, 3, 20, 7, 0.150000, 0.428571
188, 1, 20, 1, 0.050000, 1.000000
189, 4, 20, 13, 0.200000, 0.307692
190, 4, 20, 12, 0.200000, 0.333333
191, 5, 20, 7, 0.250000, 0.714286
196, 3, 20, 6, 0.150000, 0.500000
197, 5, 20, 7, 0.250000, 0.714286
199, 1, 20, 1, 0.050000, 1.000000
200, 1, 20, 3, 0.050000, 0.333333
201, 4, 20, 14, 0.200000, 0.285714
202, 2, 20, 2, 0.100000, 1.000000
205, 1, 20, 15, 0.050000, 0.066667
206, 2, 20, 3, 0.100000, 0.666667
207, 1, 20, 1, 0.050000, 1.000000
212, 1, 20, 1, 0.050000, 1.000000
213, 3, 20, 3, 0.150000, 1.000000
215, 4, 20, 6, 0.200000, 0.666667
218, 2, 20, 4, 0.100000, 0.500000
222, 5, 20, 14, 0.250000, 0.357143
223, 1, 20, 3, 0.050000, 0.333333
225, 0, 20, 3, 0.000000, 0.000000
229, 4, 20, 9, 0.200000, 0.444444
230, 0, 20, 4, 0.000000, 0.000000
233, 0, 20, 1, 0.000000, 0.000000
234, 3, 20, 5, 0.150000, 0.600000
237, 3, 20, 12, 0.150000, 0.250000
239, 0, 20, 3, 0.000000, 0.000000
240, 2, 20, 5, 0.100000, 0.400000
241, 3, 20, 4, 0.150000, 0.750000
243, 2, 20, 2, 0.100000, 1.000000
244, 3, 20, 7, 0.150000, 0.428571
245, 2, 20, 3, 0.100000, 0.666667
246, 2, 20, 7, 0.100000, 0.285714
247, 2, 20, 7, 0.100000, 0.285714
248, 5, 20, 8, 0.250000, 0.625000
249, 3, 20, 6, 0.150000, 0.500000
252, 9, 20, 17, 0.450000, 0.529412
255, 0, 20, 1, 0.000000, 0.000000
257, 3, 20, 12, 0.150000, 0.250000
259, 3, 20, 4, 0.150000, 0.750000
262, 0, 20, 1, 0.000000, 0.000000
263, 5, 20, 13, 0.250000, 0.384615
266, 1, 20, 1, 0.050000, 1.000000
267, 2, 20, 3, 0.100000, 0.666667
268, 0, 20, 4, 0.000000, 0.000000
270, 0, 20, 5, 0.000000, 0.000000
273, 1, 20, 12, 0.050000, 0.083333
274, 3, 20, 7, 0.150000, 0.428571
277, 0, 20, 2, 0.000000, 0.000000
279, 0, 20, 1, 0.000000, 0.000000
280, 2, 20, 11, 0.100000, 0.181818
282, 1, 20, 15, 0.050000, 0.066667
283, 2, 20, 18, 0.100000, 0.111111
284, 2, 20, 8, 0.100000, 0.250000
285, 7, 20, 11, 0.350000, 0.636364
289, 1, 20, 2, 0.050000, 0.500000
290, 1, 20, 4, 0.050000, 0.250000
291, 2, 20, 7, 0.100000, 0.285714
292, 1, 20, 3, 0.050000, 0.333333
293, 3, 20, 7, 0.150000, 0.428571
295, 2, 20, 16, 0.100000, 0.125000
296, 1, 20, 2, 0.050000, 0.500000
297, 3, 20, 17, 0.150000, 0.176471
299, 4, 20, 7, 0.200000, 0.571429
301, 1, 20, 3, 0.050000, 0.333333
302, 2, 20, 9, 0.100000, 0.222222
303, 4, 20, 18, 0.200000, 0.222222
304, 1, 20, 1, 0.050000, 1.000000
305, 1, 20, 9, 0.050000, 0.111111
308, 0, 20, 3, 0.000000, 0.000000
309, 3, 20, 7, 0.150000, 0.428571
310, 4, 20, 10, 0.200000, 0.400000
311, 1, 20, 1, 0.050000, 1.000000
312, 8, 20, 18, 0.400000, 0.444444
313, 0, 20, 2, 0.000000, 0.000000
317, 2, 20, 3, 0.100000, 0.666667
320, 1, 20, 1, 0.050000, 1.000000
322, 0, 20, 2, 0.000000, 0.000000
323, 0, 20, 3, 0.000000, 0.000000
324, 4, 20, 13, 0.200000, 0.307692
325, 5, 20, 10, 0.250000, 0.500000
326, 2, 20, 3, 0.100000, 0.666667
327, 8, 20, 15, 0.400000, 0.533333
328, 6, 20, 10, 0.300000, 0.600000
329, 0, 20, 2, 0.000000, 0.000000
331, 5, 20, 17, 0.250000, 0.294118
333, 2, 20, 11, 0.100000, 0.181818
334, 8, 20, 29, 0.400000, 0.275862
336, 2, 20, 8, 0.100000, 0.250000
339, 2, 20, 6, 0.100000, 0.333333
340, 0, 20, 2, 0.000000, 0.000000
341, 2, 20, 5, 0.100000, 0.400000
342, 4, 20, 4, 0.200000, 1.000000
343, 6, 20, 7, 0.300000, 0.857143
345, 1, 20, 1, 0.050000, 1.000000
346, 1, 20, 7, 0.050000, 0.142857
347, 2, 20, 2, 0.100000, 1.000000
348, 3, 20, 10, 0.150000, 0.300000
350, 2, 20, 7, 0.100000, 0.285714
351, 0, 20, 2, 0.000000, 0.000000
352, 2, 20, 6, 0.100000, 0.333333
353, 1, 20, 1, 0.050000, 1.000000
357, 0, 20, 1, 0.000000, 0.000000
358, 2, 20, 4, 0.100000, 0.500000
360, 2, 20, 3, 0.100000, 0.666667
361, 5, 20, 23, 0.250000, 0.217391
362, 0, 20, 1, 0.000000, 0.000000
363, 4, 20, 8, 0.200000, 0.500000
364, 0, 20, 1, 0.000000, 0.000000
365, 3, 20, 3, 0.150000, 1.000000
366, 1, 20, 1, 0.050000, 1.000000
369, 1, 20, 7, 0.050000, 0.142857
370, 4, 20, 11, 0.200000, 0.363636
372, 3, 20, 7, 0.150000, 0.428571
373, 10, 20, 27, 0.500000, 0.370370
374, 1, 20, 5, 0.050000, 0.200000
377, 1, 20, 1, 0.050000, 1.000000
379, 1, 20, 4, 0.050000, 0.250000
380, 5, 20, 9, 0.250000, 0.555556
382, 2, 20, 5, 0.100000, 0.400000
383, 2, 20, 2, 0.100000, 1.000000
384, 4, 20, 6, 0.200000, 0.666667
385, 2, 20, 6, 0.100000, 0.333333
386, 3, 20, 14, 0.150000, 0.214286
387, 4, 20, 7, 0.200000, 0.571429
388, 6, 20, 10, 0.300000, 0.600000
390, 3, 20, 8, 0.150000, 0.375000
393, 1, 20, 3, 0.050000, 0.333333
395, 5, 20, 15, 0.250000, 0.333333
396, 2, 20, 7, 0.100000, 0.285714
397, 1, 20, 5, 0.050000, 0.200000
399, 1, 20, 2, 0.050000, 0.500000
400, 2, 20, 2, 0.100000, 1.000000
401, 1, 20, 3, 0.050000, 0.333333
403, 0, 20, 2, 0.000000, 0.000000
406, 0, 20, 1, 0.000000, 0.000000
407, 3, 20, 8, 0.150000, 0.375000
408, 0, 20, 1, 0.000000, 0.000000
409, 2, 20, 2, 0.100000, 1.000000
410, 8, 20, 22, 0.400000, 0.363636
411, 2, 20, 8, 0.100000, 0.250000
412, 4, 20, 13, 0.200000, 0.307692
413, 1, 20, 1, 0.050000, 1.000000
414, 2, 20, 7, 0.100000, 0.285714
418, 10, 20, 16, 0.500000, 0.625000
419, 3, 20, 9, 0.150000, 0.333333
420, 1, 20, 2, 0.050000, 0.500000
421, 3, 20, 3, 0.150000, 1.000000
422, 9, 20, 25, 0.450000, 0.360000
424, 2, 20, 3, 0.100000, 0.666667
425, 0, 20, 2, 0.000000, 0.000000
428, 2, 20, 7, 0.100000, 0.285714
429, 0, 20, 2, 0.000000, 0.000000
431, 9, 20, 27, 0.450000, 0.333333
432, 3, 20, 10, 0.150000, 0.300000
433, 2, 20, 4, 0.100000, 0.500000
435, 6, 20, 10, 0.300000, 0.600000
437, 2, 20, 3, 0.100000, 0.666667
438, 5, 20, 13, 0.250000, 0.384615
439, 1, 20, 2, 0.050000, 0.500000
440, 1, 20, 5, 0.050000, 0.200000
442, 4, 20, 9, 0.200000, 0.444444
443, 5, 20, 11, 0.250000, 0.454545
444, 0, 20, 1, 0.000000, 0.000000
445, 11, 20, 30, 0.550000, 0.366667
446, 0, 20, 7, 0.000000, 0.000000
449, 2, 20, 2, 0.100000, 1.000000
450, 1, 20, 10, 0.050000, 0.100000
451, 5, 20, 13, 0.250000, 0.384615
453, 0, 20, 1, 0.000000, 0.000000
455, 15, 20, 28, 0.750000, 0.535714
456, 1, 20, 1, 0.050000, 1.000000
458, 2, 20, 3, 0.100000, 0.666667
461, 8, 20, 19, 0.400000, 0.421053
462, 2, 20, 6, 0.100000, 0.333333
464, 5, 20, 10, 0.250000, 0.500000
465, 4, 20, 10, 0.200000, 0.400000
466, 1, 20, 2, 0.050000, 0.500000
467, 0, 20, 1, 0.000000, 0.000000
468, 1, 20, 1, 0.050000, 1.000000
469, 2, 20, 4, 0.100000, 0.500000
470, 2, 20, 2, 0.100000, 1.000000
479, 2, 20, 4, 0.100000, 0.500000
481, 5, 20, 13, 0.250000, 0.384615
482, 8, 20, 23, 0.400000, 0.347826
483, 8, 20, 18, 0.400000, 0.444444
484, 2, 20, 4, 0.100000, 0.500000
485, 2, 20, 3, 0.100000, 0.666667
486, 0, 20, 1, 0.000000, 0.000000
487, 5, 20, 19, 0.250000, 0.263158
488, 1, 20, 6, 0.050000, 0.166667
489, 1, 20, 1, 0.050000, 1.000000
490, 0, 20, 1, 0.000000, 0.000000
492, 0, 20, 1, 0.000000, 0.000000
493, 0, 20, 1, 0.000000, 0.000000
496, 1, 20, 2, 0.050000, 0.500000
497, 1, 20, 3, 0.050000, 0.333333
499, 2, 20, 3, 0.100000, 0.666667
500, 1, 20, 5, 0.050000, 0.200000
502, 4, 20, 4, 0.200000, 1.000000
503, 1, 20, 1, 0.050000, 1.000000
504, 10, 20, 23, 0.500000, 0.434783
505, 0, 20, 2, 0.000000, 0.000000
506, 4, 20, 9, 0.200000, 0.444444
507, 2, 20, 10, 0.100000, 0.200000
508, 0, 20, 2, 0.000000, 0.000000
509, 6, 20, 12, 0.300000, 0.500000
510, 5, 20, 14, 0.250000, 0.357143
511, 3, 20, 9, 0.150000, 0.333333
512, 1, 20, 1, 0.050000, 1.000000
513, 1, 20, 4, 0.050000, 0.250000
515, 1, 20, 10, 0.050000, 0.100000
517, 2, 20, 6, 0.100000, 0.333333
518, 2, 20, 4, 0.100000, 0.500000
521, 1, 20, 1, 0.050000, 1.000000
522, 0, 20, 1, 0.000000, 0.000000
525, 1, 20, 2, 0.050000, 0.500000
526, 3, 20, 4, 0.150000, 0.750000
527, 1, 20, 1, 0.050000, 1.000000
528, 6, 20, 19, 0.300000, 0.315789
529, 2, 20, 9, 0.100000, 0.222222
532, 0, 20, 1, 0.000000, 0.000000
533, 4, 20, 4, 0.200000, 1.000000
534, 3, 20, 9, 0.150000, 0.333333
537, 3, 20, 11, 0.150000, 0.272727
539, 2, 20, 4, 0.100000, 0.500000
540, 7, 20, 35, 0.350000, 0.200000
541, 1, 20, 3, 0.050000, 0.333333
542, 7, 20, 41, 0.350000, 0.170732
543, 1, 20, 1, 0.050000, 1.000000
544, 1, 20, 5, 0.050000, 0.200000
545, 2, 20, 2, 0.100000, 1.000000
546, 6, 20, 11, 0.300000, 0.545455
550, 6, 20, 14, 0.300000, 0.428571
551, 0, 20, 6, 0.000000, 0.000000
552, 0, 20, 1, 0.000000, 0.000000
553, 4, 20, 17, 0.200000, 0.235294
554, 0, 20, 1, 0.000000, 0.000000
556, 8, 20, 21, 0.400000, 0.380952
557, 2, 20, 4, 0.100000, 0.500000
558, 0, 20, 1, 0.000000, 0.000000
559, 2, 20, 3, 0.100000, 0.666667
560, 2, 20, 4, 0.100000, 0.500000
561, 3, 20, 12, 0.150000, 0.250000
562, 0, 20, 5, 0.000000, 0.000000
563, 3, 20, 3, 0.150000, 1.000000
564, 10, 20, 22, 0.500000, 0.454545
566, 3, 20, 11, 0.150000, 0.272727
567, 4, 20, 16, 0.200000, 0.250000
569, 1, 20, 1, 0.050000, 1.000000
570, 2, 20, 4, 0.100000, 0.500000
572, 0, 20, 2, 0.000000, 0.000000
573, 0, 20, 2, 0.000000, 0.000000
574, 2, 20, 7, 0.100000, 0.285714
575, 1, 20, 6, 0.050000, 0.166667
576, 0, 20, 3, 0.000000, 0.000000
578, 2, 20, 3, 0.100000, 0.666667
580, 4, 20, 11, 0.200000, 0.363636
581, 2, 20, 4, 0.100000, 0.500000
583, 4, 20, 12, 0.200000, 0.333333
585, 3, 20, 3, 0.150000, 1.000000
586, 6, 20, 16, 0.300000, 0.375000
588, 2, 20, 8, 0.100000, 0.250000
589, 1, 20, 2, 0.050000, 0.500000
590, 3, 20, 3, 0.150000, 1.000000
591, 1, 20, 4, 0.050000, 0.250000
592, 6, 20, 19, 0.300000, 0.315789
593, 0, 20, 2, 0.000000, 0.000000
594, 1, 20, 10, 0.050000, 0.100000
595, 0, 20, 2, 0.000000, 0.000000
597, 4, 20, 5, 0.200000, 0.800000
598, 4, 20, 11, 0.200000, 0.363636
599, 1, 20, 1, 0.050000, 1.000000
600, 1, 20, 4, 0.050000, 0.250000
604, 1, 20, 5, 0.050000, 0.200000
607, 1, 20, 4, 0.050000, 0.250000
610, 5, 20, 7, 0.250000, 0.714286
611, 1, 20, 3, 0.050000, 0.333333
612, 6, 20, 19, 0.300000, 0.315789
613, 1, 20, 6, 0.050000, 0.166667
616, 3, 20, 4, 0.150000, 0.750000
617, 0, 20, 2, 0.000000, 0.000000
619, 0, 20, 6, 0.000000, 0.000000
621, 3, 20, 14, 0.150000, 0.214286
622, 8, 20, 18, 0.400000, 0.444444
623, 6, 20, 9, 0.300000, 0.666667
624, 5, 20, 16, 0.250000, 0.312500
625, 7, 20, 21, 0.350000, 0.333333
626, 8, 20, 16, 0.400000, 0.500000
627, 1, 20, 1, 0.050000, 1.000000
628, 2, 20, 5, 0.100000, 0.400000
629, 7, 20, 14, 0.350000, 0.500000
630, 3, 20, 9, 0.150000, 0.333333
631, 3, 20, 4, 0.150000, 0.750000
633, 0, 20, 1, 0.000000, 0.000000
634, 9, 20, 21, 0.450000, 0.428571
635, 6, 20, 16, 0.300000, 0.375000
636, 6, 20, 13, 0.300000, 0.461538
637, 4, 20, 11, 0.200000, 0.363636
638, 2, 20, 2, 0.100000, 1.000000
639, 3, 20, 4, 0.150000, 0.750000
641, 1, 20, 2, 0.050000, 0.500000
642, 1, 20, 1, 0.050000, 1.000000
643, 7, 20, 16, 0.350000, 0.437500
645, 4, 20, 12, 0.200000, 0.333333
646, 5, 20, 8, 0.250000, 0.625000
647, 6, 20, 19, 0.300000, 0.315789
648, 5, 20, 15, 0.250000, 0.333333
649, 2, 20, 6, 0.100000, 0.333333
650, 7, 20, 22, 0.350000, 0.318182
653, 2, 20, 7, 0.100000, 0.285714
655, 3, 20, 7, 0.150000, 0.428571
656, 0, 20, 2, 0.000000, 0.000000
657, 0, 20, 2, 0.000000, 0.000000
659, 4, 20, 13, 0.200000, 0.307692
660, 0, 20, 2, 0.000000, 0.000000
661, 5, 20, 14, 0.250000, 0.357143
662, 0, 20, 2, 0.000000, 0.000000
663, 2, 20, 5, 0.100000, 0.400000
665, 2, 20, 5, 0.100000, 0.400000
667, 7, 20, 26, 0.350000, 0.269231
668, 1, 20, 1, 0.050000, 1.000000
669, 3, 20, 3, 0.150000, 1.000000
672, 8, 20, 18, 0.400000, 0.444444
675, 2, 20, 5, 0.100000, 0.400000
676, 3, 20, 13, 0.150000, 0.230769
678, 3, 20, 4, 0.150000, 0.750000
679, 7, 20, 21, 0.350000, 0.333333
680, 3, 20, 4, 0.150000, 0.750000
681, 2, 20, 8, 0.100000, 0.250000
682, 10, 20, 23, 0.500000, 0.434783
685, 6, 20, 15, 0.300000, 0.400000
686, 6, 20, 13, 0.300000, 0.461538
688, 5, 20, 14, 0.250000, 0.357143
690, 0, 20, 17, 0.000000, 0.000000
691, 8, 20, 19, 0.400000, 0.421053
692, 1, 20, 2, 0.050000, 0.500000
693, 3, 20, 3, 0.150000, 1.000000
695, 0, 20, 4, 0.000000, 0.000000
696, 4, 20, 12, 0.200000, 0.333333
697, 1, 20, 2, 0.050000, 0.500000
698, 1, 20, 8, 0.050000, 0.125000
699, 3, 20, 7, 0.150000, 0.428571
702, 0, 20, 1, 0.000000, 0.000000
703, 2, 20, 5, 0.100000, 0.400000
704, 7, 20, 10, 0.350000, 0.700000
705, 2, 20, 14, 0.100000, 0.142857
706, 1, 20, 6, 0.050000, 0.166667
707, 4, 20, 6, 0.200000, 0.666667
708, 1, 20, 1, 0.050000, 1.000000
710, 0, 20, 15, 0.000000, 0.000000
711, 2, 20, 11, 0.100000, 0.181818
712, 1, 20, 1, 0.050000, 1.000000
713, 8, 20, 18, 0.400000, 0.444444
714, 1, 20, 4, 0.050000, 0.250000
715, 2, 20, 6, 0.100000, 0.333333
718, 4, 20, 6, 0.200000, 0.666667
719, 5, 20, 8, 0.250000, 0.625000
720, 2, 20, 2, 0.100000, 1.000000
721, 5, 20, 15, 0.250000, 0.333333
722, 3, 20, 7, 0.150000, 0.428571
723, 1, 20, 1, 0.050000, 1.000000
725, 3, 20, 7, 0.150000, 0.428571
726, 2, 20, 10, 0.100000, 0.200000
727, 1, 20, 6, 0.050000, 0.166667
729, 1, 20, 4, 0.050000, 0.250000
731, 1, 20, 5, 0.050000, 0.200000
732, 2, 20, 2, 0.100000, 1.000000
733, 1, 20, 1, 0.050000, 1.000000
734, 3, 20, 5, 0.150000, 0.600000
735, 1, 20, 7, 0.050000, 0.142857
736, 11, 20, 16, 0.550000, 0.687500
738, 2, 20, 4, 0.100000, 0.500000
739, 2, 20, 7, 0.100000, 0.285714
740, 0, 20, 1, 0.000000, 0.000000
741, 1, 20, 4, 0.050000, 0.250000
742, 0, 20, 1, 0.000000, 0.000000
743, 0, 20, 2, 0.000000, 0.000000
745, 5, 20, 10, 0.250000, 0.500000
747, 4, 20, 16, 0.200000, 0.250000
748, 2, 20, 7, 0.100000, 0.285714
749, 3, 20, 5, 0.150000, 0.600000
750, 4, 20, 28, 0.200000, 0.142857
751, 2, 20, 4, 0.100000, 0.500000
752, 2, 20, 17, 0.100000, 0.117647
753, 0, 20, 2, 0.000000, 0.000000
755, 4, 20, 12, 0.200000, 0.333333
756, 1, 20, 3, 0.050000, 0.333333
757, 1, 20, 3, 0.050000, 0.333333
758, 7, 20, 22, 0.350000, 0.318182
759, 3, 20, 6, 0.150000, 0.500000
760, 3, 20, 17, 0.150000, 0.176471
762, 2, 20, 9, 0.100000, 0.222222
763, 5, 20, 10, 0.250000, 0.500000
765, 1, 20, 1, 0.050000, 1.000000
768, 2, 20, 3, 0.100000, 0.666667
769, 9, 20, 17, 0.450000, 0.529412
770, 2, 20, 9, 0.100000, 0.222222
771, 5, 20, 23, 0.250000, 0.217391
772, 6, 20, 21, 0.300000, 0.285714
773, 1, 20, 1, 0.050000, 1.000000
774, 0, 20, 1, 0.000000, 0.000000
775, 4, 20, 6, 0.200000, 0.666667
776, 1, 20, 1, 0.050000, 1.000000
777, 4, 20, 14, 0.200000, 0.285714
778, 1, 20, 1, 0.050000, 1.000000
779, 7, 20, 16, 0.350000, 0.437500
780, 1, 20, 7, 0.050000, 0.142857
781, 1, 20, 1, 0.050000, 1.000000
782, 6, 20, 17, 0.300000, 0.352941
783, 3, 20, 10, 0.150000, 0.300000
784, 2, 20, 2, 0.100000, 1.000000
785, 0, 20, 1, 0.000000, 0.000000
786, 0, 20, 9, 0.000000, 0.000000
787, 3, 20, 9, 0.150000, 0.333333
788, 2, 20, 20, 0.100000, 0.100000
790, 2, 20, 7, 0.100000, 0.285714
791, 0, 20, 3, 0.000000, 0.000000
792, 5, 20, 8, 0.250000, 0.625000
795, 9, 20, 38, 0.450000, 0.236842
796, 5, 20, 13, 0.250000, 0.384615
798, 2, 20, 9, 0.100000, 0.222222
800, 4, 20, 13, 0.200000, 0.307692
801, 4, 20, 13, 0.200000, 0.307692
802, 1, 20, 3, 0.050000, 0.333333
803, 5, 20, 25, 0.250000, 0.200000
804, 1, 20, 4, 0.050000, 0.250000
805, 8, 20, 10, 0.400000, 0.800000
806, 0, 20, 1, 0.000000, 0.000000
807, 7, 20, 33, 0.350000, 0.212121
808, 2, 20, 12, 0.100000, 0.166667
809, 8, 20, 14, 0.400000, 0.571429
810, 6, 20, 30, 0.300000, 0.200000
811, 5, 20, 12, 0.250000, 0.416667
812, 0, 20, 1, 0.000000, 0.000000
813, 4, 20, 9, 0.200000, 0.444444
814, 2, 20, 5, 0.100000, 0.400000
815, 4, 20, 13, 0.200000, 0.307692
816, 2, 20, 13, 0.100000, 0.153846
817, 3, 20, 11, 0.150000, 0.272727
818, 9, 20, 23, 0.450000, 0.391304
819, 4, 20, 11, 0.200000, 0.363636
820, 11, 20, 27, 0.550000, 0.407407
821, 2, 20, 15, 0.100000, 0.133333
823, 3, 20, 9, 0.150000, 0.333333
824, 6, 20, 13, 0.300000, 0.461538
825, 4, 20, 11, 0.200000, 0.363636
826, 6, 20, 18, 0.300000, 0.333333
827, 4, 20, 14, 0.200000, 0.285714
828, 3, 20, 7, 0.150000, 0.428571
829, 9, 20, 27, 0.450000, 0.333333
830, 2, 20, 6, 0.100000, 0.333333
833, 3, 20, 23, 0.150000, 0.130435
836, 1, 20, 22, 0.050000, 0.045455
837, 0, 20, 1, 0.000000, 0.000000
839, 8, 20, 25, 0.400000, 0.320000
841, 13, 20, 26, 0.650000, 0.500000
842, 6, 20, 26, 0.300000, 0.230769
843, 1, 20, 18, 0.050000, 0.055556
844, 8, 20, 16, 0.400000, 0.500000
845, 6, 20, 23, 0.300000, 0.260870
846, 4, 20, 10, 0.200000, 0.400000
847, 0, 20, 9, 0.000000, 0.000000
848, 5, 20, 11, 0.250000, 0.454545
849, 7, 20, 35, 0.350000, 0.200000
850, 1, 20, 5, 0.050000, 0.200000
851, 8, 20, 20, 0.400000, 0.400000
852, 2, 20, 3, 0.100000, 0.666667
853, 4, 20, 9, 0.200000, 0.444444
854, 7, 20, 18, 0.350000, 0.388889
855, 4, 20, 22, 0.200000, 0.181818
856, 4, 20, 10, 0.200000, 0.400000
857, 7, 20, 22, 0.350000, 0.318182
858, 4, 20, 17, 0.200000, 0.235294
859, 6, 20, 15, 0.300000, 0.400000
860, 7, 20, 25, 0.350000, 0.280000
861, 6, 20, 13, 0.300000, 0.461538
862, 1, 20, 4, 0.050000, 0.250000
863, 2, 20, 7, 0.100000, 0.285714
864, 5, 20, 8, 0.250000, 0.625000
865, 2, 20, 8, 0.100000, 0.250000
866, 4, 20, 15, 0.200000, 0.266667
867, 7, 20, 11, 0.350000, 0.636364
869, 3, 20, 8, 0.150000, 0.375000
870, 8, 20, 29, 0.400000, 0.275862
871, 0, 20, 5, 0.000000, 0.000000
872, 7, 20, 13, 0.350000, 0.538462
873, 10, 20, 17, 0.500000, 0.588235
874, 4, 20, 12, 0.200000, 0.333333
875, 2, 20, 24, 0.100000, 0.083333
876, 4, 20, 16, 0.200000, 0.250000
877, 0, 20, 4, 0.000000, 0.000000
878, 5, 20, 10, 0.250000, 0.500000
879, 4, 20, 15, 0.200000, 0.266667
880, 0, 20, 1, 0.000000, 0.000000
881, 1, 20, 2, 0.050000, 0.500000
882, 2, 20, 15, 0.100000, 0.133333
883, 5, 20, 9, 0.250000, 0.555556
884, 4, 20, 12, 0.200000, 0.333333
885, 8, 20, 25, 0.400000, 0.320000
886, 5, 20, 14, 0.250000, 0.357143
887, 1, 20, 5, 0.050000, 0.200000
888, 2, 20, 3, 0.100000, 0.666667
889, 7, 20, 17, 0.350000, 0.411765
890, 2, 20, 14, 0.100000, 0.142857
891, 5, 20, 18, 0.250000, 0.277778
892, 7, 20, 19, 0.350000, 0.368421
893, 6, 20, 20, 0.300000, 0.300000
894, 1, 20, 11, 0.050000, 0.090909
895, 5, 20, 17, 0.250000, 0.294118
896, 2, 20, 7, 0.100000, 0.285714
897, 6, 20, 12, 0.300000, 0.500000
898, 1, 20, 2, 0.050000, 0.500000
899, 2, 20, 4, 0.100000, 0.500000
900, 2, 20, 8, 0.100000, 0.250000
901, 7, 20, 16, 0.350000, 0.437500
902, 1, 20, 2, 0.050000, 0.500000
903, 6, 20, 6, 0.300000, 1.000000
904, 2, 20, 4, 0.100000, 0.500000
905, 6, 20, 13, 0.300000, 0.461538
906, 6, 20, 21, 0.300000, 0.285714
907, 8, 20, 22, 0.400000, 0.363636
908, 6, 20, 24, 0.300000, 0.250000
909, 3, 20, 12, 0.150000, 0.250000
910, 1, 20, 2, 0.050000, 0.500000
911, 4, 20, 23, 0.200000, 0.173913
912, 1, 20, 6, 0.050000, 0.166667
913, 1, 20, 4, 0.050000, 0.250000
914, 8, 20, 26, 0.400000, 0.307692
915, 10, 20, 26, 0.500000, 0.384615
916, 3, 20, 23, 0.150000, 0.130435
917, 3, 20, 8, 0.150000, 0.375000
918, 3, 20, 9, 0.150000, 0.333333
919, 2, 20, 5, 0.100000, 0.400000
920, 0, 20, 7, 0.000000, 0.000000
921, 6, 20, 18, 0.300000, 0.333333
922, 5, 20, 22, 0.250000, 0.227273
923, 5, 20, 11, 0.250000, 0.454545
924, 3, 20, 6, 0.150000, 0.500000
925, 2, 20, 9, 0.100000, 0.222222
926, 3, 20, 12, 0.150000, 0.250000
927, 6, 20, 15, 0.300000, 0.400000
928, 1, 20, 11, 0.050000, 0.090909
929, 0, 20, 7, 0.000000, 0.000000
930, 7, 20, 26, 0.350000, 0.269231
931, 3, 20, 4, 0.150000, 0.750000
932, 2, 20, 7, 0.100000, 0.285714
933, 0, 20, 3, 0.000000, 0.000000
934, 0, 20, 1, 0.000000, 0.000000
935, 2, 20, 4, 0.100000, 0.500000
936, 6, 20, 8, 0.300000, 0.750000
938, 6, 20, 16, 0.300000, 0.375000
939, 3, 20, 3, 0.150000, 1.000000
940, 1, 20, 3, 0.050000, 0.333333
941, 3, 20, 6, 0.150000, 0.500000
942, 3, 20, 8, 0.150000, 0.375000
943, 2, 20, 5, 0.100000, 0.400000
944, 3, 20, 12, 0.150000, 0.250000
945, 1, 20, 6, 0.050000, 0.166667
946, 0, 20, 1, 0.000000, 0.000000
947, 0, 20, 2, 0.000000, 0.000000
948, 1, 20, 1, 0.050000, 1.000000
949, 0, 20, 3, 0.000000, 0.000000
951, 2, 20, 3, 0.100000, 0.666667
952, 3, 20, 8, 0.150000, 0.375000
953, 1, 20, 2, 0.050000, 0.500000
954, 2, 20, 3, 0.100000, 0.666667
955, 3, 20, 6, 0.150000, 0.500000
957, 0, 20, 5, 0.000000, 0.000000
958, 0, 20, 1, 0.000000, 0.000000
959, 2, 20, 5, 0.100000, 0.400000
964, 0, 20, 2, 0.000000, 0.000000
965, 0, 20, 1, 0.000000, 0.000000
967, 1, 20, 2, 0.050000, 0.500000
970, 1, 20, 1, 0.050000, 1.000000
974, 1, 20, 1, 0.050000, 1.000000
