2, 0, 5, 1, 0.000000, 0.000000
4, 0, 5, 9, 0.000000, 0.000000
9, 0, 5, 4, 0.000000, 0.000000
18, 0, 5, 1, 0.000000, 0.000000
19, 0, 5, 2, 0.000000, 0.000000
20, 0, 5, 10, 0.000000, 0.000000
25, 0, 5, 6, 0.000000, 0.000000
26, 0, 5, 3, 0.000000, 0.000000
28, 0, 5, 2, 0.000000, 0.000000
29, 0, 5, 2, 0.000000, 0.000000
30, 0, 5, 8, 0.000000, 0.000000
34, 0, 5, 1, 0.000000, 0.000000
41, 0, 5, 3, 0.000000, 0.000000
46, 0, 5, 1, 0.000000, 0.000000
47, 0, 5, 4, 0.000000, 0.000000
52, 0, 5, 1, 0.000000, 0.000000
53, 0, 5, 1, 0.000000, 0.000000
55, 0, 5, 10, 0.000000, 0.000000
59, 0, 5, 2, 0.000000, 0.000000
60, 0, 5, 15, 0.000000, 0.000000
61, 0, 5, 7, 0.000000, 0.000000
64, 0, 5, 2, 0.000000, 0.000000
66, 0, 5, 16, 0.000000, 0.000000
74, 0, 5, 1, 0.000000, 0.000000
75, 0, 5, 6, 0.000000, 0.000000
76, 0, 5, 4, 0.000000, 0.000000
78, 0, 5, 2, 0.000000, 0.000000
79, 0, 5, 6, 0.000000, 0.000000
80, 0, 5, 2, 0.000000, 0.000000
81, 0, 5, 3, 0.000000, 0.000000
83, 0, 5, 1, 0.000000, 0.000000
84, 0, 5, 1, 0.000000, 0.000000
86, 0, 5, 1, 0.000000, 0.000000
89, 0, 5, 2, 0.000000, 0.000000
90, 0, 5, 3, 0.000000, 0.000000
96, 0, 5, 2, 0.000000, 0.000000
107, 0, 5, 2, 0.000000, 0.000000
108, 0, 5, 1, 0.000000, 0.000000
109, 0, 5, 1, 0.000000, 0.000000
111, 0, 5, 2, 0.000000, 0.000000
113, 0, 5, 1, 0.000000, 0.000000
114, 0, 5, 3, 0.000000, 0.000000
116, 0, 5, 1, 0.000000, 0.000000
117, 0, 5, 5, 0.000000, 0.000000
118, 0, 5, 10, 0.000000, 0.000000
119, 0, 5, 2, 0.000000, 0.000000
124, 0, 5, 2, 0.000000, 0.000000
128, 0, 5, 2, 0.000000, 0.000000
130, 0, 5, 6, 0.000000, 0.000000
139, 0, 5, 1, 0.000000, 0.000000
145, 0, 5, 4, 0.000000, 0.000000
147, 0, 5, 4, 0.000000, 0.000000
149, 0, 5, 1, 0.000000, 0.000000
150, 0, 5, 1, 0.000000, 0.000000
151, 0, 5, 2, 0.000000, 0.000000
155, 0, 5, 2, 0.000000, 0.000000
156, 0, 5, 1, 0.000000, 0.000000
157, 0, 5, 13, 0.000000, 0.000000
159, 0, 5, 1, 0.000000, 0.000000
160, 0, 5, 4, 0.000000, 0.000000
162, 0, 5, 4, 0.000000, 0.000000
168, 0, 5, 5, 0.000000, 0.000000
173, 0, 5, 19, 0.000000, 0.000000
174, 0, 5, 1, 0.000000, 0.000000
175, 0, 5, 5, 0.000000, 0.000000
179, 0, 5, 7, 0.000000, 0.000000
181, 0, 5, 2, 0.000000, 0.000000
182, 0, 5, 2, 0.000000, 0.000000
187, 0, 5, 1, 0.000000, 0.000000
192, 0, 5, 1, 0.000000, 0.000000
194, 0, 5, 1, 0.000000, 0.000000
196, 0, 5, 5, 0.000000, 0.000000
197, 0, 5, 3, 0.000000, 0.000000
199, 0, 5, 4, 0.000000, 0.000000
200, 0, 5, 1, 0.000000, 0.000000
202, 0, 5, 4, 0.000000, 0.000000
207, 0, 5, 32, 0.000000, 0.000000
210, 0, 5, 2, 0.000000, 0.000000
212, 0, 5, 5, 0.000000, 0.000000
214, 0, 5, 1, 0.000000, 0.000000
218, 0, 5, 1, 0.000000, 0.000000
221, 0, 5, 1, 0.000000, 0.000000
222, 0, 5, 8, 0.000000, 0.000000
223, 0, 5, 6, 0.000000, 0.000000
228, 0, 5, 3, 0.000000, 0.000000
229, 0, 5, 2, 0.000000, 0.000000
230, 0, 5, 5, 0.000000, 0.000000
233, 0, 5, 4, 0.000000, 0.000000
234, 0, 5, 4, 0.000000, 0.000000
239, 0, 5, 2, 0.000000, 0.000000
241, 0, 5, 1, 0.000000, 0.000000
244, 0, 5, 2, 0.000000, 0.000000
245, 0, 5, 3, 0.000000, 0.000000
247, 0, 5, 2, 0.000000, 0.000000
255, 0, 5, 1, 0.000000, 0.000000
257, 0, 5, 1, 0.000000, 0.000000
263, 1, 5, 5, 0.200000, 0.200000
266, 0, 5, 1, 0.000000, 0.000000
267, 0, 5, 5, 0.000000, 0.000000
272, 0, 5, 6, 0.000000, 0.000000
280, 0, 5, 3, 0.000000, 0.000000
283, 0, 5, 12, 0.000000, 0.000000
284, 0, 5, 2, 0.000000, 0.000000
289, 0, 5, 1, 0.000000, 0.000000
291, 0, 5, 1, 0.000000, 0.000000
292, 0, 5, 2, 0.000000, 0.000000
297, 0, 5, 10, 0.000000, 0.000000
299, 0, 5, 3, 0.000000, 0.000000
305, 0, 5, 1, 0.000000, 0.000000
309, 0, 5, 2, 0.000000, 0.000000
310, 0, 5, 1, 0.000000, 0.000000
314, 0, 5, 1, 0.000000, 0.000000
315, 0, 5, 1, 0.000000, 0.000000
320, 0, 5, 3, 0.000000, 0.000000
325, 0, 5, 11, 0.000000, 0.000000
327, 0, 5, 2, 0.000000, 0.000000
328, 0, 5, 14, 0.000000, 0.000000
329, 0, 5, 1, 0.000000, 0.000000
331, 0, 5, 1, 0.000000, 0.000000
333, 0, 5, 2, 0.000000, 0.000000
334, 0, 5, 1, 0.000000, 0.000000
339, 0, 5, 1, 0.000000, 0.000000
340, 0, 5, 3, 0.000000, 0.000000
341, 0, 5, 1, 0.000000, 0.000000
342, 0, 5, 2, 0.000000, 0.000000
343, 0, 5, 7, 0.000000, 0.000000
344, 0, 5, 1, 0.000000, 0.000000
346, 0, 5, 9, 0.000000, 0.000000
347, 0, 5, 1, 0.000000, 0.000000
348, 0, 5, 2, 0.000000, 0.000000
350, 0, 5, 8, 0.000000, 0.000000
352, 0, 5, 4, 0.000000, 0.000000
357, 0, 5, 1, 0.000000, 0.000000
360, 0, 5, 3, 0.000000, 0.000000
361, 0, 5, 5, 0.000000, 0.000000
365, 0, 5, 2, 0.000000, 0.000000
369, 0, 5, 4, 0.000000, 0.000000
372, 0, 5, 1, 0.000000, 0.000000
382, 0, 5, 3, 0.000000, 0.000000
384, 0, 5, 4, 0.000000, 0.000000
390, 0, 5, 1, 0.000000, 0.000000
393, 0, 5, 1, 0.000000, 0.000000
395, 0, 5, 3, 0.000000, 0.000000
396, 0, 5, 1, 0.000000, 0.000000
398, 0, 5, 1, 0.000000, 0.000000
407, 1, 5, 8, 0.200000, 0.125000
409, 0, 5, 3, 0.000000, 0.000000
410, 0, 5, 5, 0.000000, 0.000000
411, 0, 5, 1, 0.000000, 0.000000
412, 0, 5, 1, 0.000000, 0.000000
414, 0, 5, 14, 0.000000, 0.000000
417, 0, 5, 1, 0.000000, 0.000000
418, 0, 5, 1, 0.000000, 0.000000
419, 0, 5, 5, 0.000000, 0.000000
422, 0, 5, 1, 0.000000, 0.000000
423, 0, 5, 3, 0.000000, 0.000000
424, 1, 5, 27, 0.200000, 0.037037
425, 0, 5, 1, 0.000000, 0.000000
428, 0, 5, 1, 0.000000, 0.000000
437, 0, 5, 2, 0.000000, 0.000000
438, 0, 5, 3, 0.000000, 0.000000
441, 0, 5, 8, 0.000000, 0.000000
442, 0, 5, 13, 0.000000, 0.000000
445, 0, 5, 6, 0.000000, 0.000000
447, 0, 5, 1, 0.000000, 0.000000
450, 0, 5, 1, 0.000000, 0.000000
451, 0, 5, 7, 0.000000, 0.000000
454, 0, 5, 30, 0.000000, 0.000000
455, 0, 5, 1, 0.000000, 0.000000
456, 0, 5, 3, 0.000000, 0.000000
458, 0, 5, 18, 0.000000, 0.000000
462, 0, 5, 1, 0.000000, 0.000000
465, 0, 5, 2, 0.000000, 0.000000
470, 0, 5, 1, 0.000000, 0.000000
471, 0, 5, 4, 0.000000, 0.000000
472, 0, 5, 2, 0.000000, 0.000000
479, 0, 5, 1, 0.000000, 0.000000
481, 0, 5, 4, 0.000000, 0.000000
482, 0, 5, 3, 0.000000, 0.000000
486, 0, 5, 5, 0.000000, 0.000000
492, 0, 5, 3, 0.000000, 0.000000
502, 0, 5, 2, 0.000000, 0.000000
504, 0, 5, 8, 0.000000, 0.000000
505, 0, 5, 2, 0.000000, 0.000000
506, 0, 5, 6, 0.000000, 0.000000
507, 0, 5, 5, 0.000000, 0.000000
508, 0, 5, 11, 0.000000, 0.000000
509, 0, 5, 3, 0.000000, 0.000000
510, 0, 5, 4, 0.000000, 0.000000
512, 0, 5, 7, 0.000000, 0.000000
516, 0, 5, 7, 0.000000, 0.000000
517, 0, 5, 3, 0.000000, 0.000000
522, 0, 5, 1, 0.000000, 0.000000
523, 0, 5, 1, 0.000000, 0.000000
526, 0, 5, 1, 0.000000, 0.000000
527, 0, 5, 8, 0.000000, 0.000000
528, 0, 5, 4, 0.000000, 0.000000
530, 1, 5, 4, 0.200000, 0.250000
533, 0, 5, 2, 0.000000, 0.000000
534, 0, 5, 1, 0.000000, 0.000000
535, 1, 5, 22, 0.200000, 0.045455
537, 0, 5, 2, 0.000000, 0.000000
540, 0, 5, 3, 0.000000, 0.000000
541, 0, 5, 11, 0.000000, 0.000000
547, 0, 5, 5, 0.000000, 0.000000
548, 0, 5, 1, 0.000000, 0.000000
550, 0, 5, 3, 0.000000, 0.000000
552, 0, 5, 2, 0.000000, 0.000000
553, 0, 5, 1, 0.000000, 0.000000
558, 0, 5, 1, 0.000000, 0.000000
559, 1, 5, 26, 0.200000, 0.038462
560, 0, 5, 7, 0.000000, 0.000000
566, 0, 5, 2, 0.000000, 0.000000
567, 0, 5, 6, 0.000000, 0.000000
570, 0, 5, 11, 0.000000, 0.000000
572, 0, 5, 3, 0.000000, 0.000000
573, 0, 5, 7, 0.000000, 0.000000
576, 0, 5, 2, 0.000000, 0.000000
580, 0, 5, 1, 0.000000, 0.000000
581, 0, 5, 2, 0.000000, 0.000000
582, 0, 5, 18, 0.000000, 0.000000
583, 0, 5, 2, 0.000000, 0.000000
584, 0, 5, 1, 0.000000, 0.000000
585, 0, 5, 2, 0.000000, 0.000000
588, 0, 5, 5, 0.000000, 0.000000
589, 0, 5, 3, 0.000000, 0.000000
590, 0, 5, 17, 0.000000, 0.000000
591, 1, 5, 8, 0.200000, 0.125000
592, 0, 5, 14, 0.000000, 0.000000
593, 0, 5, 6, 0.000000, 0.000000
594, 0, 5, 9, 0.000000, 0.000000
599, 0, 5, 1, 0.000000, 0.000000
600, 0, 5, 1, 0.000000, 0.000000
604, 0, 5, 7, 0.000000, 0.000000
607, 0, 5, 1, 0.000000, 0.000000
609, 0, 5, 1, 0.000000, 0.000000
610, 1, 5, 53, 0.200000, 0.018868
611, 0, 5, 1, 0.000000, 0.000000
613, 0, 5, 1, 0.000000, 0.000000
615, 0, 5, 5, 0.000000, 0.000000
616, 0, 5, 1, 0.000000, 0.000000
618, 0, 5, 10, 0.000000, 0.000000
619, 0, 5, 1, 0.000000, 0.000000
621, 0, 5, 2, 0.000000, 0.000000
622, 0, 5, 1, 0.000000, 0.000000
623, 0, 5, 23, 0.000000, 0.000000
624, 0, 5, 5, 0.000000, 0.000000
625, 0, 5, 4, 0.000000, 0.000000
627, 0, 5, 3, 0.000000, 0.000000
628, 0, 5, 3, 0.000000, 0.000000
629, 0, 5, 1, 0.000000, 0.000000
630, 0, 5, 1, 0.000000, 0.000000
631, 0, 5, 14, 0.000000, 0.000000
632, 0, 5, 1, 0.000000, 0.000000
633, 0, 5, 1, 0.000000, 0.000000
634, 0, 5, 1, 0.000000, 0.000000
635, 0, 5, 8, 0.000000, 0.000000
637, 0, 5, 7, 0.000000, 0.000000
638, 0, 5, 14, 0.000000, 0.000000
639, 0, 5, 11, 0.000000, 0.000000
640, 0, 5, 1, 0.000000, 0.000000
643, 0, 5, 5, 0.000000, 0.000000
646, 0, 5, 12, 0.000000, 0.000000
647, 0, 5, 4, 0.000000, 0.000000
650, 0, 5, 6, 0.000000, 0.000000
651, 0, 5, 4, 0.000000, 0.000000
653, 0, 5, 3, 0.000000, 0.000000
654, 0, 5, 14, 0.000000, 0.000000
655, 0, 5, 8, 0.000000, 0.000000
659, 0, 5, 6, 0.000000, 0.000000
660, 1, 5, 8, 0.200000, 0.125000
661, 0, 5, 6, 0.000000, 0.000000
662, 0, 5, 3, 0.000000, 0.000000
665, 0, 5, 3, 0.000000, 0.000000
667, 0, 5, 6, 0.000000, 0.000000
669, 1, 5, 28, 0.200000, 0.035714
672, 0, 5, 7, 0.000000, 0.000000
675, 0, 5, 9, 0.000000, 0.000000
676, 0, 5, 1, 0.000000, 0.000000
678, 0, 5, 4, 0.000000, 0.000000
679, 0, 5, 4, 0.000000, 0.000000
680, 0, 5, 15, 0.000000, 0.000000
683, 0, 5, 12, 0.000000, 0.000000
685, 0, 5, 6, 0.000000, 0.000000
686, 0, 5, 4, 0.000000, 0.000000
687, 0, 5, 1, 0.000000, 0.000000
691, 0, 5, 1, 0.000000, 0.000000
693, 0, 5, 5, 0.000000, 0.000000
696, 0, 5, 12, 0.000000, 0.000000
697, 0, 5, 26, 0.000000, 0.000000
698, 0, 5, 1, 0.000000, 0.000000
699, 1, 5, 14, 0.200000, 0.071429
704, 0, 5, 20, 0.000000, 0.000000
706, 0, 5, 1, 0.000000, 0.000000
707, 0, 5, 9, 0.000000, 0.000000
708, 0, 5, 7, 0.000000, 0.000000
710, 0, 5, 2, 0.000000, 0.000000
711, 1, 5, 20, 0.200000, 0.050000
712, 0, 5, 4, 0.000000, 0.000000
713, 0, 5, 2, 0.000000, 0.000000
717, 0, 5, 1, 0.000000, 0.000000
718, 0, 5, 19, 0.000000, 0.000000
721, 0, 5, 2, 0.000000, 0.000000
722, 0, 5, 8, 0.000000, 0.000000
726, 0, 5, 4, 0.000000, 0.000000
730, 0, 5, 3, 0.000000, 0.000000
734, 0, 5, 9, 0.000000, 0.000000
735, 0, 5, 1, 0.000000, 0.000000
742, 0, 5, 2, 0.000000, 0.000000
745, 0, 5, 6, 0.000000, 0.000000
746, 1, 5, 15, 0.200000, 0.066667
747, 0, 5, 1, 0.000000, 0.000000
748, 0, 5, 2, 0.000000, 0.000000
749, 0, 5, 6, 0.000000, 0.000000
751, 0, 5, 3, 0.000000, 0.000000
754, 0, 5, 4, 0.000000, 0.000000
755, 0, 5, 3, 0.000000, 0.000000
757, 0, 5, 2, 0.000000, 0.000000
759, 0, 5, 10, 0.000000, 0.000000
760, 0, 5, 7, 0.000000, 0.000000
762, 0, 5, 1, 0.000000, 0.000000
764, 0, 5, 21, 0.000000, 0.000000
765, 0, 5, 3, 0.000000, 0.000000
766, 0, 5, 12, 0.000000, 0.000000
768, 0, 5, 1, 0.000000, 0.000000
769, 0, 5, 2, 0.000000, 0.000000
770, 0, 5, 5, 0.000000, 0.000000
771, 0, 5, 1, 0.000000, 0.000000
773, 0, 5, 2, 0.000000, 0.000000
774, 0, 5, 4, 0.000000, 0.000000
776, 0, 5, 3, 0.000000, 0.000000
777, 0, 5, 2, 0.000000, 0.000000
783, 0, 5, 1, 0.000000, 0.000000
786, 0, 5, 14, 0.000000, 0.000000
787, 0, 5, 8, 0.000000, 0.000000
790, 0, 5, 7, 0.000000, 0.000000
792, 0, 5, 1, 0.000000, 0.000000
793, 0, 5, 1, 0.000000, 0.000000
796, 0, 5, 6, 0.000000, 0.000000
798, 0, 5, 8, 0.000000, 0.000000
799, 0, 5, 31, 0.000000, 0.000000
800, 0, 5, 1, 0.000000, 0.000000
801, 0, 5, 12, 0.000000, 0.000000
802, 0, 5, 7, 0.000000, 0.000000
803, 0, 5, 21, 0.000000, 0.000000
804, 0, 5, 4, 0.000000, 0.000000
807, 0, 5, 12, 0.000000, 0.000000
808, 0, 5, 4, 0.000000, 0.000000
810, 0, 5, 1, 0.000000, 0.000000
811, 0, 5, 9, 0.000000, 0.000000
812, 0, 5, 14, 0.000000, 0.000000
813, 0, 5, 16, 0.000000, 0.000000
814, 0, 5, 2, 0.000000, 0.000000
816, 0, 5, 4, 0.000000, 0.000000
817, 0, 5, 15, 0.000000, 0.000000
818, 0, 5, 2, 0.000000, 0.000000
819, 0, 5, 4, 0.000000, 0.000000
820, 0, 5, 1, 0.000000, 0.000000
823, 0, 5, 9, 0.000000, 0.000000
825, 0, 5, 8, 0.000000, 0.000000
827, 0, 5, 1, 0.000000, 0.000000
828, 0, 5, 2, 0.000000, 0.000000
831, 0, 5, 32, 0.000000, 0.000000
833, 0, 5, 1, 0.000000, 0.000000
834, 0, 5, 32, 0.000000, 0.000000
835, 0, 5, 16, 0.000000, 0.000000
838, 0, 5, 1, 0.000000, 0.000000
840, 0, 5, 28, 0.000000, 0.000000
841, 0, 5, 3, 0.000000, 0.000000
842, 0, 5, 2, 0.000000, 0.000000
843, 0, 5, 1, 0.000000, 0.000000
846, 0, 5, 1, 0.000000, 0.000000
847, 0, 5, 1, 0.000000, 0.000000
850, 0, 5, 8, 0.000000, 0.000000
856, 0, 5, 10, 0.000000, 0.000000
858, 0, 5, 4, 0.000000, 0.000000
859, 0, 5, 1, 0.000000, 0.000000
864, 0, 5, 3, 0.000000, 0.000000
865, 0, 5, 21, 0.000000, 0.000000
866, 0, 5, 1, 0.000000, 0.000000
868, 0, 5, 19, 0.000000, 0.000000
875, 0, 5, 16, 0.000000, 0.000000
876, 0, 5, 3, 0.000000, 0.000000
879, 0, 5, 4, 0.000000, 0.000000
881, 0, 5, 5, 0.000000, 0.000000
883, 1, 5, 25, 0.200000, 0.040000
884, 0, 5, 1, 0.000000, 0.000000
885, 0, 5, 15, 0.000000, 0.000000
886, 0, 5, 2, 0.000000, 0.000000
887, 0, 5, 13, 0.000000, 0.000000
888, 0, 5, 15, 0.000000, 0.000000
889, 0, 5, 3, 0.000000, 0.000000
890, 0, 5, 1, 0.000000, 0.000000
892, 0, 5, 1, 0.000000, 0.000000
894, 0, 5, 4, 0.000000, 0.000000
895, 0, 5, 2, 0.000000, 0.000000
898, 0, 5, 9, 0.000000, 0.000000
899, 0, 5, 8, 0.000000, 0.000000
900, 0, 5, 5, 0.000000, 0.000000
901, 0, 5, 5, 0.000000, 0.000000
902, 0, 5, 6, 0.000000, 0.000000
903, 0, 5, 1, 0.000000, 0.000000
904, 0, 5, 27, 0.000000, 0.000000
907, 0, 5, 1, 0.000000, 0.000000
910, 0, 5, 1, 0.000000, 0.000000
913, 0, 5, 1, 0.000000, 0.000000
914, 0, 5, 1, 0.000000, 0.000000
916, 0, 5, 10, 0.000000, 0.000000
917, 0, 5, 1, 0.000000, 0.000000
918, 0, 5, 5, 0.000000, 0.000000
921, 0, 5, 1, 0.000000, 0.000000
923, 0, 5, 1, 0.000000, 0.000000
924, 0, 5, 1, 0.000000, 0.000000
925, 0, 5, 3, 0.000000, 0.000000
926, 0, 5, 2, 0.000000, 0.000000
927, 0, 5, 4, 0.000000, 0.000000
930, 0, 5, 2, 0.000000, 0.000000
931, 0, 5, 11, 0.000000, 0.000000
932, 0, 5, 3, 0.000000, 0.000000
935, 0, 5, 4, 0.000000, 0.000000
936, 0, 5, 18, 0.000000, 0.000000
942, 0, 5, 2, 0.000000, 0.000000
943, 0, 5, 14, 0.000000, 0.000000
946, 0, 5, 9, 0.000000, 0.000000
947, 0, 5, 1, 0.000000, 0.000000
948, 0, 5, 19, 0.000000, 0.000000
950, 0, 5, 19, 0.000000, 0.000000
951, 0, 5, 1, 0.000000, 0.000000
952, 0, 5, 5, 0.000000, 0.000000
953, 0, 5, 30, 0.000000, 0.000000
956, 0, 5, 16, 0.000000, 0.000000
957, 0, 5, 20, 0.000000, 0.000000
959, 0, 5, 8, 0.000000, 0.000000
960, 0, 5, 2, 0.000000, 0.000000
961, 0, 5, 18, 0.000000, 0.000000
962, 0, 5, 8, 0.000000, 0.000000
963, 0, 5, 13, 0.000000, 0.000000
965, 0, 5, 19, 0.000000, 0.000000
966, 0, 5, 22, 0.000000, 0.000000
967, 0, 5, 4, 0.000000, 0.000000
968, 1, 5, 2, 0.200000, 0.500000
969, 0, 5, 11, 0.000000, 0.000000
970, 0, 5, 20, 0.000000, 0.000000
971, 0, 5, 14, 0.000000, 0.000000
972, 0, 5, 9, 0.000000, 0.000000
973, 0, 5, 25, 0.000000, 0.000000
974, 0, 5, 15, 0.000000, 0.000000
976, 0, 5, 2, 0.000000, 0.000000
977, 0, 5, 12, 0.000000, 0.000000
978, 0, 5, 36, 0.000000, 0.000000
979, 0, 5, 8, 0.000000, 0.000000
980, 0, 5, 7, 0.000000, 0.000000
981, 2, 5, 24, 0.400000, 0.083333
982, 0, 5, 5, 0.000000, 0.000000
983, 0, 5, 27, 0.000000, 0.000000
984, 0, 5, 2, 0.000000, 0.000000
985, 0, 5, 22, 0.000000, 0.000000
986, 0, 5, 19, 0.000000, 0.000000
987, 0, 5, 1, 0.000000, 0.000000
988, 0, 5, 18, 0.000000, 0.000000
989, 0, 5, 11, 0.000000, 0.000000
990, 0, 5, 8, 0.000000, 0.000000
991, 0, 5, 12, 0.000000, 0.000000
992, 0, 5, 7, 0.000000, 0.000000
993, 0, 5, 4, 0.000000, 0.000000
994, 0, 5, 2, 0.000000, 0.000000
2, 0, 5, 1, 0.000000, 0.000000
4, 1, 5, 9, 0.200000, 0.111111
9, 2, 5, 4, 0.400000, 0.500000
18, 1, 5, 1, 0.200000, 1.000000
19, 0, 5, 2, 0.000000, 0.000000
20, 2, 5, 10, 0.400000, 0.200000
25, 1, 5, 6, 0.200000, 0.166667
26, 1, 5, 3, 0.200000, 0.333333
28, 1, 5, 2, 0.200000, 0.500000
29, 1, 5, 2, 0.200000, 0.500000
30, 5, 5, 8, 1.000000, 0.625000
34, 0, 5, 1, 0.000000, 0.000000
41, 1, 5, 3, 0.200000, 0.333333
46, 1, 5, 1, 0.200000, 1.000000
47, 2, 5, 4, 0.400000, 0.500000
52, 1, 5, 1, 0.200000, 1.000000
53, 1, 5, 1, 0.200000, 1.000000
55, 1, 5, 10, 0.200000, 0.100000
59, 2, 5, 2, 0.400000, 1.000000
60, 1, 5, 15, 0.200000, 0.066667
61, 3, 5, 7, 0.600000, 0.428571
64, 1, 5, 2, 0.200000, 0.500000
66, 3, 5, 16, 0.600000, 0.187500
74, 1, 5, 1, 0.200000, 1.000000
75, 3, 5, 6, 0.600000, 0.500000
76, 3, 5, 4, 0.600000, 0.750000
78, 0, 5, 2, 0.000000, 0.000000
79, 1, 5, 6, 0.200000, 0.166667
80, 2, 5, 2, 0.400000, 1.000000
81, 0, 5, 3, 0.000000, 0.000000
83, 1, 5, 1, 0.200000, 1.000000
84, 0, 5, 1, 0.000000, 0.000000
86, 0, 5, 1, 0.000000, 0.000000
89, 0, 5, 2, 0.000000, 0.000000
90, 3, 5, 3, 0.600000, 1.000000
96, 2, 5, 2, 0.400000, 1.000000
107, 0, 5, 2, 0.000000, 0.000000
108, 0, 5, 1, 0.000000, 0.000000
109, 0, 5, 1, 0.000000, 0.000000
111, 0, 5, 2, 0.000000, 0.000000
113, 0, 5, 1, 0.000000, 0.000000
114, 2, 5, 3, 0.400000, 0.666667
116, 0, 5, 1, 0.000000, 0.000000
117, 2, 5, 5, 0.400000, 0.400000
118, 2, 5, 10, 0.400000, 0.200000
119, 0, 5, 2, 0.000000, 0.000000
124, 2, 5, 2, 0.400000, 1.000000
128, 1, 5, 2, 0.200000, 0.500000
130, 2, 5, 6, 0.400000, 0.333333
139, 0, 5, 1, 0.000000, 0.000000
145, 1, 5, 4, 0.200000, 0.250000
147, 2, 5, 4, 0.400000, 0.500000
149, 0, 5, 1, 0.000000, 0.000000
150, 0, 5, 1, 0.000000, 0.000000
151, 1, 5, 2, 0.200000, 0.500000
155, 0, 5, 2, 0.000000, 0.000000
156, 1, 5, 1, 0.200000, 1.000000
157, 3, 5, 13, 0.600000, 0.230769
159, 0, 5, 1, 0.000000, 0.000000
160, 3, 5, 4, 0.600000, 0.750000
162, 1, 5, 4, 0.200000, 0.250000
168, 2, 5, 5, 0.400000, 0.400000
173, 2, 5, 19, 0.400000, 0.105263
174, 1, 5, 1, 0.200000, 1.000000
175, 1, 5, 5, 0.200000, 0.200000
179, 0, 5, 7, 0.000000, 0.000000
181, 0, 5, 2, 0.000000, 0.000000
182, 0, 5, 2, 0.000000, 0.000000
187, 1, 5, 1, 0.200000, 1.000000
192, 1, 5, 1, 0.200000, 1.000000
194, 0, 5, 1, 0.000000, 0.000000
196, 2, 5, 5, 0.400000, 0.400000
197, 2, 5, 3, 0.400000, 0.666667
199, 0, 5, 4, 0.000000, 0.000000
200, 0, 5, 1, 0.000000, 0.000000
202, 1, 5, 4, 0.200000, 0.250000
207, 1, 5, 32, 0.200000, 0.031250
210, 1, 5, 2, 0.200000, 0.500000
212, 2, 5, 5, 0.400000, 0.400000
214, 0, 5, 1, 0.000000, 0.000000
218, 1, 5, 1, 0.200000, 1.000000
221, 0, 5, 1, 0.000000, 0.000000
222, 2, 5, 8, 0.400000, 0.250000
223, 1, 5, 6, 0.200000, 0.166667
228, 2, 5, 3, 0.400000, 0.666667
229, 0, 5, 2, 0.000000, 0.000000
230, 3, 5, 5, 0.600000, 0.600000
233, 1, 5, 4, 0.200000, 0.250000
234, 2, 5, 4, 0.400000, 0.500000
239, 0, 5, 2, 0.000000, 0.000000
241, 0, 5, 1, 0.000000, 0.000000
244, 0, 5, 2, 0.000000, 0.000000
245, 1, 5, 3, 0.200000, 0.333333
247, 2, 5, 2, 0.400000, 1.000000
255, 1, 5, 1, 0.200000, 1.000000
257, 0, 5, 1, 0.000000, 0.000000
263, 2, 5, 5, 0.400000, 0.400000
266, 0, 5, 1, 0.000000, 0.000000
267, 0, 5, 5, 0.000000, 0.000000
272, 1, 5, 6, 0.200000, 0.166667
280, 1, 5, 3, 0.200000, 0.333333
283, 2, 5, 12, 0.400000, 0.166667
284, 0, 5, 2, 0.000000, 0.000000
289, 0, 5, 1, 0.000000, 0.000000
291, 0, 5, 1, 0.000000, 0.000000
292, 1, 5, 2, 0.200000, 0.500000
297, 2, 5, 10, 0.400000, 0.200000
299, 1, 5, 3, 0.200000, 0.333333
305, 0, 5, 1, 0.000000, 0.000000
309, 0, 5, 2, 0.000000, 0.000000
310, 0, 5, 1, 0.000000, 0.000000
314, 0, 5, 1, 0.000000, 0.000000
315, 0, 5, 1, 0.000000, 0.000000
320, 1, 5, 3, 0.200000, 0.333333
325, 1, 5, 11, 0.200000, 0.090909
327, 1, 5, 2, 0.200000, 0.500000
328, 2, 5, 14, 0.400000, 0.142857
329, 0, 5, 1, 0.000000, 0.000000
331, 0, 5, 1, 0.000000, 0.000000
333, 1, 5, 2, 0.200000, 0.500000
334, 0, 5, 1, 0.000000, 0.000000
339, 1, 5, 1, 0.200000, 1.000000
340, 0, 5, 3, 0.000000, 0.000000
341, 1, 5, 1, 0.200000, 1.000000
342, 1, 5, 2, 0.200000, 0.500000
343, 2, 5, 7, 0.400000, 0.285714
344, 0, 5, 1, 0.000000, 0.000000
346, 3, 5, 9, 0.600000, 0.333333
347, 0, 5, 1, 0.000000, 0.000000
348, 2, 5, 2, 0.400000, 1.000000
350, 1, 5, 8, 0.200000, 0.125000
352, 2, 5, 4, 0.400000, 0.500000
357, 1, 5, 1, 0.200000, 1.000000
360, 2, 5, 3, 0.400000, 0.666667
361, 1, 5, 5, 0.200000, 0.200000
365, 0, 5, 2, 0.000000, 0.000000
369, 1, 5, 4, 0.200000, 0.250000
372, 0, 5, 1, 0.000000, 0.000000
382, 0, 5, 3, 0.000000, 0.000000
384, 0, 5, 4, 0.000000, 0.000000
390, 0, 5, 1, 0.000000, 0.000000
393, 1, 5, 1, 0.200000, 1.000000
395, 0, 5, 3, 0.000000, 0.000000
396, 1, 5, 1, 0.200000, 1.000000
398, 0, 5, 1, 0.000000, 0.000000
407, 0, 5, 8, 0.000000, 0.000000
409, 1, 5, 3, 0.200000, 0.333333
410, 0, 5, 5, 0.000000, 0.000000
411, 0, 5, 1, 0.000000, 0.000000
412, 0, 5, 1, 0.000000, 0.000000
414, 2, 5, 14, 0.400000, 0.142857
417, 0, 5, 1, 0.000000, 0.000000
418, 1, 5, 1, 0.200000, 1.000000
419, 2, 5, 5, 0.400000, 0.400000
422, 0, 5, 1, 0.000000, 0.000000
423, 0, 5, 3, 0.000000, 0.000000
424, 2, 5, 27, 0.400000, 0.074074
425, 1, 5, 1, 0.200000, 1.000000
428, 0, 5, 1, 0.000000, 0.000000
437, 0, 5, 2, 0.000000, 0.000000
438, 2, 5, 3, 0.400000, 0.666667
441, 0, 5, 8, 0.000000, 0.000000
442, 2, 5, 13, 0.400000, 0.153846
445, 1, 5, 6, 0.200000, 0.166667
447, 0, 5, 1, 0.000000, 0.000000
450, 0, 5, 1, 0.000000, 0.000000
451, 2, 5, 7, 0.400000, 0.285714
454, 2, 5, 30, 0.400000, 0.066667
455, 1, 5, 1, 0.200000, 1.000000
456, 1, 5, 3, 0.200000, 0.333333
458, 2, 5, 18, 0.400000, 0.111111
462, 0, 5, 1, 0.000000, 0.000000
465, 1, 5, 2, 0.200000, 0.500000
470, 0, 5, 1, 0.000000, 0.000000
471, 0, 5, 4, 0.000000, 0.000000
472, 0, 5, 2, 0.000000, 0.000000
479, 1, 5, 1, 0.200000, 1.000000
481, 1, 5, 4, 0.200000, 0.250000
482, 0, 5, 3, 0.000000, 0.000000
486, 2, 5, 5, 0.400000, 0.400000
492, 0, 5, 3, 0.000000, 0.000000
502, 2, 5, 2, 0.400000, 1.000000
504, 3, 5, 8, 0.600000, 0.375000
505, 0, 5, 2, 0.000000, 0.000000
506, 1, 5, 6, 0.200000, 0.166667
507, 1, 5, 5, 0.200000, 0.200000
508, 2, 5, 11, 0.400000, 0.181818
509, 0, 5, 3, 0.000000, 0.000000
510, 1, 5, 4, 0.200000, 0.250000
512, 1, 5, 7, 0.200000, 0.142857
516, 0, 5, 7, 0.000000, 0.000000
517, 0, 5, 3, 0.000000, 0.000000
522, 0, 5, 1, 0.000000, 0.000000
523, 1, 5, 1, 0.200000, 1.000000
526, 1, 5, 1, 0.200000, 1.000000
527, 3, 5, 8, 0.600000, 0.375000
528, 1, 5, 4, 0.200000, 0.250000
530, 1, 5, 4, 0.200000, 0.250000
533, 0, 5, 2, 0.000000, 0.000000
534, 0, 5, 1, 0.000000, 0.000000
535, 3, 5, 22, 0.600000, 0.136364
537, 0, 5, 2, 0.000000, 0.000000
540, 0, 5, 3, 0.000000, 0.000000
541, 2, 5, 11, 0.400000, 0.181818
547, 2, 5, 5, 0.400000, 0.400000
548, 1, 5, 1, 0.200000, 1.000000
550, 2, 5, 3, 0.400000, 0.666667
552, 0, 5, 2, 0.000000, 0.000000
553, 0, 5, 1, 0.000000, 0.000000
558, 1, 5, 1, 0.200000, 1.000000
559, 1, 5, 26, 0.200000, 0.038462
560, 2, 5, 7, 0.400000, 0.285714
566, 1, 5, 2, 0.200000, 0.500000
567, 0, 5, 6, 0.000000, 0.000000
570, 1, 5, 11, 0.200000, 0.090909
572, 1, 5, 3, 0.200000, 0.333333
573, 1, 5, 7, 0.200000, 0.142857
576, 0, 5, 2, 0.000000, 0.000000
580, 0, 5, 1, 0.000000, 0.000000
581, 0, 5, 2, 0.000000, 0.000000
582, 3, 5, 18, 0.600000, 0.166667
583, 0, 5, 2, 0.000000, 0.000000
584, 1, 5, 1, 0.200000, 1.000000
585, 0, 5, 2, 0.000000, 0.000000
588, 0, 5, 5, 0.000000, 0.000000
589, 0, 5, 3, 0.000000, 0.000000
590, 3, 5, 17, 0.600000, 0.176471
591, 2, 5, 8, 0.400000, 0.250000
592, 2, 5, 14, 0.400000, 0.142857
593, 1, 5, 6, 0.200000, 0.166667
594, 0, 5, 9, 0.000000, 0.000000
599, 1, 5, 1, 0.200000, 1.000000
600, 0, 5, 1, 0.000000, 0.000000
604, 2, 5, 7, 0.400000, 0.285714
607, 0, 5, 1, 0.000000, 0.000000
609, 1, 5, 1, 0.200000, 1.000000
610, 3, 5, 53, 0.600000, 0.056604
611, 0, 5, 1, 0.000000, 0.000000
613, 1, 5, 1, 0.200000, 1.000000
615, 2, 5, 5, 0.400000, 0.400000
616, 0, 5, 1, 0.000000, 0.000000
618, 1, 5, 10, 0.200000, 0.100000
619, 1, 5, 1, 0.200000, 1.000000
621, 0, 5, 2, 0.000000, 0.000000
622, 0, 5, 1, 0.000000, 0.000000
623, 1, 5, 23, 0.200000, 0.043478
624, 1, 5, 5, 0.200000, 0.200000
625, 1, 5, 4, 0.200000, 0.250000
627, 0, 5, 3, 0.000000, 0.000000
628, 0, 5, 3, 0.000000, 0.000000
629, 1, 5, 1, 0.200000, 1.000000
630, 1, 5, 1, 0.200000, 1.000000
631, 0, 5, 14, 0.000000, 0.000000
632, 0, 5, 1, 0.000000, 0.000000
633, 1, 5, 1, 0.200000, 1.000000
634, 0, 5, 1, 0.000000, 0.000000
635, 1, 5, 8, 0.200000, 0.125000
637, 3, 5, 7, 0.600000, 0.428571
638, 1, 5, 14, 0.200000, 0.071429
639, 2, 5, 11, 0.400000, 0.181818
640, 0, 5, 1, 0.000000, 0.000000
643, 0, 5, 5, 0.000000, 0.000000
646, 1, 5, 12, 0.200000, 0.083333
647, 3, 5, 4, 0.600000, 0.750000
650, 0, 5, 6, 0.000000, 0.000000
651, 2, 5, 4, 0.400000, 0.500000
653, 2, 5, 3, 0.400000, 0.666667
654, 1, 5, 14, 0.200000, 0.071429
655, 1, 5, 8, 0.200000, 0.125000
659, 2, 5, 6, 0.400000, 0.333333
660, 2, 5, 8, 0.400000, 0.250000
661, 1, 5, 6, 0.200000, 0.166667
662, 1, 5, 3, 0.200000, 0.333333
665, 2, 5, 3, 0.400000, 0.666667
667, 2, 5, 6, 0.400000, 0.333333
669, 2, 5, 28, 0.400000, 0.071429
672, 1, 5, 7, 0.200000, 0.142857
675, 1, 5, 9, 0.200000, 0.111111
676, 1, 5, 1, 0.200000, 1.000000
678, 1, 5, 4, 0.200000, 0.250000
679, 0, 5, 4, 0.000000, 0.000000
680, 1, 5, 15, 0.200000, 0.066667
683, 1, 5, 12, 0.200000, 0.083333
685, 2, 5, 6, 0.400000, 0.333333
686, 2, 5, 4, 0.400000, 0.500000
687, 1, 5, 1, 0.200000, 1.000000
691, 0, 5, 1, 0.000000, 0.000000
693, 3, 5, 5, 0.600000, 0.600000
696, 0, 5, 12, 0.000000, 0.000000
697, 1, 5, 26, 0.200000, 0.038462
698, 1, 5, 1, 0.200000, 1.000000
699, 3, 5, 14, 0.600000, 0.214286
704, 2, 5, 20, 0.400000, 0.100000
706, 0, 5, 1, 0.000000, 0.000000
707, 0, 5, 9, 0.000000, 0.000000
708, 1, 5, 7, 0.200000, 0.142857
710, 2, 5, 2, 0.400000, 1.000000
711, 3, 5, 20, 0.600000, 0.150000
712, 2, 5, 4, 0.400000, 0.500000
713, 2, 5, 2, 0.400000, 1.000000
717, 0, 5, 1, 0.000000, 0.000000
718, 2, 5, 19, 0.400000, 0.105263
721, 0, 5, 2, 0.000000, 0.000000
722, 2, 5, 8, 0.400000, 0.250000
726, 2, 5, 4, 0.400000, 0.500000
730, 2, 5, 3, 0.400000, 0.666667
734, 3, 5, 9, 0.600000, 0.333333
735, 1, 5, 1, 0.200000, 1.000000
742, 2, 5, 2, 0.400000, 1.000000
745, 1, 5, 6, 0.200000, 0.166667
746, 2, 5, 15, 0.400000, 0.133333
747, 1, 5, 1, 0.200000, 1.000000
748, 1, 5, 2, 0.200000, 0.500000
749, 2, 5, 6, 0.400000, 0.333333
751, 1, 5, 3, 0.200000, 0.333333
754, 1, 5, 4, 0.200000, 0.250000
755, 0, 5, 3, 0.000000, 0.000000
757, 0, 5, 2, 0.000000, 0.000000
759, 3, 5, 10, 0.600000, 0.300000
760, 3, 5, 7, 0.600000, 0.428571
762, 0, 5, 1, 0.000000, 0.000000
764, 0, 5, 21, 0.000000, 0.000000
765, 1, 5, 3, 0.200000, 0.333333
766, 1, 5, 12, 0.200000, 0.083333
768, 0, 5, 1, 0.000000, 0.000000
769, 1, 5, 2, 0.200000, 0.500000
770, 2, 5, 5, 0.400000, 0.400000
771, 1, 5, 1, 0.200000, 1.000000
773, 0, 5, 2, 0.000000, 0.000000
774, 2, 5, 4, 0.400000, 0.500000
776, 3, 5, 3, 0.600000, 1.000000
777, 0, 5, 2, 0.000000, 0.000000
783, 0, 5, 1, 0.000000, 0.000000
786, 3, 5, 14, 0.600000, 0.214286
787, 2, 5, 8, 0.400000, 0.250000
790, 1, 5, 7, 0.200000, 0.142857
792, 0, 5, 1, 0.000000, 0.000000
793, 1, 5, 1, 0.200000, 1.000000
796, 1, 5, 6, 0.200000, 0.166667
798, 1, 5, 8, 0.200000, 0.125000
799, 1, 5, 31, 0.200000, 0.032258
800, 0, 5, 1, 0.000000, 0.000000
801, 3, 5, 12, 0.600000, 0.250000
802, 0, 5, 7, 0.000000, 0.000000
803, 0, 5, 21, 0.000000, 0.000000
804, 3, 5, 4, 0.600000, 0.750000
807, 3, 5, 12, 0.600000, 0.250000
808, 0, 5, 4, 0.000000, 0.000000
810, 0, 5, 1, 0.000000, 0.000000
811, 2, 5, 9, 0.400000, 0.222222
812, 2, 5, 14, 0.400000, 0.142857
813, 2, 5, 16, 0.400000, 0.125000
814, 0, 5, 2, 0.000000, 0.000000
816, 0, 5, 4, 0.000000, 0.000000
817, 1, 5, 15, 0.200000, 0.066667
818, 0, 5, 2, 0.000000, 0.000000
819, 0, 5, 4, 0.000000, 0.000000
820, 0, 5, 1, 0.000000, 0.000000
823, 1, 5, 9, 0.200000, 0.111111
825, 3, 5, 8, 0.600000, 0.375000
827, 1, 5, 1, 0.200000, 1.000000
828, 0, 5, 2, 0.000000, 0.000000
831, 1, 5, 32, 0.200000, 0.031250
833, 1, 5, 1, 0.200000, 1.000000
834, 1, 5, 32, 0.200000, 0.031250
835, 3, 5, 16, 0.600000, 0.187500
838, 0, 5, 1, 0.000000, 0.000000
840, 0, 5, 28, 0.000000, 0.000000
841, 1, 5, 3, 0.200000, 0.333333
842, 1, 5, 2, 0.200000, 0.500000
843, 1, 5, 1, 0.200000, 1.000000
846, 0, 5, 1, 0.000000, 0.000000
847, 0, 5, 1, 0.000000, 0.000000
850, 3, 5, 8, 0.600000, 0.375000
856, 2, 5, 10, 0.400000, 0.200000
858, 1, 5, 4, 0.200000, 0.250000
859, 0, 5, 1, 0.000000, 0.000000
864, 0, 5, 3, 0.000000, 0.000000
865, 4, 5, 21, 0.800000, 0.190476
866, 0, 5, 1, 0.000000, 0.000000
868, 0, 5, 19, 0.000000, 0.000000
875, 1, 5, 16, 0.200000, 0.062500
876, 2, 5, 3, 0.400000, 0.666667
879, 0, 5, 4, 0.000000, 0.000000
881, 0, 5, 5, 0.000000, 0.000000
883, 0, 5, 25, 0.000000, 0.000000
884, 1, 5, 1, 0.200000, 1.000000
885, 2, 5, 15, 0.400000, 0.133333
886, 0, 5, 2, 0.000000, 0.000000
887, 4, 5, 13, 0.800000, 0.307692
888, 2, 5, 15, 0.400000, 0.133333
889, 0, 5, 3, 0.000000, 0.000000
890, 0, 5, 1, 0.000000, 0.000000
892, 0, 5, 1, 0.000000, 0.000000
894, 0, 5, 4, 0.000000, 0.000000
895, 2, 5, 2, 0.400000, 1.000000
898, 2, 5, 9, 0.400000, 0.222222
899, 1, 5, 8, 0.200000, 0.125000
900, 1, 5, 5, 0.200000, 0.200000
901, 0, 5, 5, 0.000000, 0.000000
902, 1, 5, 6, 0.200000, 0.166667
903, 0, 5, 1, 0.000000, 0.000000
904, 0, 5, 27, 0.000000, 0.000000
907, 1, 5, 1, 0.200000, 1.000000
910, 0, 5, 1, 0.000000, 0.000000
913, 0, 5, 1, 0.000000, 0.000000
914, 1, 5, 1, 0.200000, 1.000000
916, 1, 5, 10, 0.200000, 0.100000
917, 0, 5, 1, 0.000000, 0.000000
918, 4, 5, 5, 0.800000, 0.800000
921, 1, 5, 1, 0.200000, 1.000000
923, 0, 5, 1, 0.000000, 0.000000
924, 0, 5, 1, 0.000000, 0.000000
925, 1, 5, 3, 0.200000, 0.333333
926, 1, 5, 2, 0.200000, 0.500000
927, 2, 5, 4, 0.400000, 0.500000
930, 0, 5, 2, 0.000000, 0.000000
931, 1, 5, 11, 0.200000, 0.090909
932, 0, 5, 3, 0.000000, 0.000000
935, 0, 5, 4, 0.000000, 0.000000
936, 4, 5, 18, 0.800000, 0.222222
942, 1, 5, 2, 0.200000, 0.500000
943, 2, 5, 14, 0.400000, 0.142857
946, 1, 5, 9, 0.200000, 0.111111
947, 0, 5, 1, 0.000000, 0.000000
948, 3, 5, 19, 0.600000, 0.157895
950, 3, 5, 19, 0.600000, 0.157895
951, 0, 5, 1, 0.000000, 0.000000
952, 3, 5, 5, 0.600000, 0.600000
953, 3, 5, 30, 0.600000, 0.100000
956, 5, 5, 16, 1.000000, 0.312500
957, 2, 5, 20, 0.400000, 0.100000
959, 0, 5, 8, 0.000000, 0.000000
960, 1, 5, 2, 0.200000, 0.500000
961, 1, 5, 18, 0.200000, 0.055556
962, 2, 5, 8, 0.400000, 0.250000
963, 2, 5, 13, 0.400000, 0.153846
965, 2, 5, 19, 0.400000, 0.105263
966, 1, 5, 22, 0.200000, 0.045455
967, 1, 5, 4, 0.200000, 0.250000
968, 0, 5, 2, 0.000000, 0.000000
969, 3, 5, 11, 0.600000, 0.272727
970, 0, 5, 20, 0.000000, 0.000000
971, 1, 5, 14, 0.200000, 0.071429
972, 2, 5, 9, 0.400000, 0.222222
973, 2, 5, 25, 0.400000, 0.080000
974, 1, 5, 15, 0.200000, 0.066667
976, 0, 5, 2, 0.000000, 0.000000
977, 1, 5, 12, 0.200000, 0.083333
978, 2, 5, 36, 0.400000, 0.055556
979, 1, 5, 8, 0.200000, 0.125000
980, 1, 5, 7, 0.200000, 0.142857
981, 2, 5, 24, 0.400000, 0.083333
982, 0, 5, 5, 0.000000, 0.000000
983, 2, 5, 27, 0.400000, 0.074074
984, 1, 5, 2, 0.200000, 0.500000
985, 3, 5, 22, 0.600000, 0.136364
986, 2, 5, 19, 0.400000, 0.105263
987, 0, 5, 1, 0.000000, 0.000000
988, 1, 5, 18, 0.200000, 0.055556
989, 2, 5, 11, 0.400000, 0.181818
990, 0, 5, 8, 0.000000, 0.000000
991, 1, 5, 12, 0.200000, 0.083333
992, 1, 5, 7, 0.200000, 0.142857
993, 3, 5, 4, 0.600000, 0.750000
994, 2, 5, 2, 0.400000, 1.000000
2, 0, 5, 1, 0.000000, 0.000000
4, 1, 5, 9, 0.200000, 0.111111
9, 2, 5, 4, 0.400000, 0.500000
18, 1, 5, 1, 0.200000, 1.000000
19, 0, 5, 2, 0.000000, 0.000000
20, 2, 5, 10, 0.400000, 0.200000
25, 1, 5, 6, 0.200000, 0.166667
26, 1, 5, 3, 0.200000, 0.333333
28, 1, 5, 2, 0.200000, 0.500000
29, 1, 5, 2, 0.200000, 0.500000
30, 5, 5, 8, 1.000000, 0.625000
34, 0, 5, 1, 0.000000, 0.000000
41, 1, 5, 3, 0.200000, 0.333333
46, 1, 5, 1, 0.200000, 1.000000
47, 2, 5, 4, 0.400000, 0.500000
52, 1, 5, 1, 0.200000, 1.000000
53, 1, 5, 1, 0.200000, 1.000000
55, 1, 5, 10, 0.200000, 0.100000
59, 2, 5, 2, 0.400000, 1.000000
60, 2, 5, 15, 0.400000, 0.133333
61, 3, 5, 7, 0.600000, 0.428571
64, 1, 5, 2, 0.200000, 0.500000
66, 2, 5, 16, 0.400000, 0.125000
74, 1, 5, 1, 0.200000, 1.000000
75, 3, 5, 6, 0.600000, 0.500000
76, 3, 5, 4, 0.600000, 0.750000
78, 0, 5, 2, 0.000000, 0.000000
79, 1, 5, 6, 0.200000, 0.166667
80, 2, 5, 2, 0.400000, 1.000000
81, 0, 5, 3, 0.000000, 0.000000
83, 1, 5, 1, 0.200000, 1.000000
84, 0, 5, 1, 0.000000, 0.000000
86, 0, 5, 1, 0.000000, 0.000000
89, 0, 5, 2, 0.000000, 0.000000
90, 2, 5, 3, 0.400000, 0.666667
96, 2, 5, 2, 0.400000, 1.000000
107, 0, 5, 2, 0.000000, 0.000000
108, 0, 5, 1, 0.000000, 0.000000
109, 0, 5, 1, 0.000000, 0.000000
111, 0, 5, 2, 0.000000, 0.000000
113, 0, 5, 1, 0.000000, 0.000000
114, 2, 5, 3, 0.400000, 0.666667
116, 0, 5, 1, 0.000000, 0.000000
117, 2, 5, 5, 0.400000, 0.400000
118, 2, 5, 10, 0.400000, 0.200000
119, 0, 5, 2, 0.000000, 0.000000
124, 2, 5, 2, 0.400000, 1.000000
128, 1, 5, 2, 0.200000, 0.500000
130, 2, 5, 6, 0.400000, 0.333333
139, 0, 5, 1, 0.000000, 0.000000
145, 1, 5, 4, 0.200000, 0.250000
147, 2, 5, 4, 0.400000, 0.500000
149, 0, 5, 1, 0.000000, 0.000000
150, 0, 5, 1, 0.000000, 0.000000
151, 1, 5, 2, 0.200000, 0.500000
155, 0, 5, 2, 0.000000, 0.000000
156, 1, 5, 1, 0.200000, 1.000000
157, 3, 5, 13, 0.600000, 0.230769
159, 0, 5, 1, 0.000000, 0.000000
160, 3, 5, 4, 0.600000, 0.750000
162, 1, 5, 4, 0.200000, 0.250000
168, 3, 5, 5, 0.600000, 0.600000
173, 2, 5, 19, 0.400000, 0.105263
174, 1, 5, 1, 0.200000, 1.000000
175, 1, 5, 5, 0.200000, 0.200000
179, 0, 5, 7, 0.000000, 0.000000
181, 0, 5, 2, 0.000000, 0.000000
182, 0, 5, 2, 0.000000, 0.000000
187, 1, 5, 1, 0.200000, 1.000000
192, 1, 5, 1, 0.200000, 1.000000
194, 0, 5, 1, 0.000000, 0.000000
196, 2, 5, 5, 0.400000, 0.400000
197, 2, 5, 3, 0.400000, 0.666667
199, 0, 5, 4, 0.000000, 0.000000
200, 0, 5, 1, 0.000000, 0.000000
202, 1, 5, 4, 0.200000, 0.250000
207, 1, 5, 32, 0.200000, 0.031250
210, 1, 5, 2, 0.200000, 0.500000
212, 2, 5, 5, 0.400000, 0.400000
214, 0, 5, 1, 0.000000, 0.000000
218, 0, 5, 1, 0.000000, 0.000000
221, 0, 5, 1, 0.000000, 0.000000
222, 2, 5, 8, 0.400000, 0.250000
223, 1, 5, 6, 0.200000, 0.166667
228, 2, 5, 3, 0.400000, 0.666667
229, 0, 5, 2, 0.000000, 0.000000
230, 3, 5, 5, 0.600000, 0.600000
233, 1, 5, 4, 0.200000, 0.250000
234, 2, 5, 4, 0.400000, 0.500000
239, 0, 5, 2, 0.000000, 0.000000
241, 0, 5, 1, 0.000000, 0.000000
244, 0, 5, 2, 0.000000, 0.000000
245, 0, 5, 3, 0.000000, 0.000000
247, 2, 5, 2, 0.400000, 1.000000
255, 1, 5, 1, 0.200000, 1.000000
257, 0, 5, 1, 0.000000, 0.000000
263, 2, 5, 5, 0.400000, 0.400000
266, 0, 5, 1, 0.000000, 0.000000
267, 0, 5, 5, 0.000000, 0.000000
272, 1, 5, 6, 0.200000, 0.166667
280, 1, 5, 3, 0.200000, 0.333333
283, 2, 5, 12, 0.400000, 0.166667
284, 0, 5, 2, 0.000000, 0.000000
289, 0, 5, 1, 0.000000, 0.000000
291, 0, 5, 1, 0.000000, 0.000000
292, 1, 5, 2, 0.200000, 0.500000
297, 3, 5, 10, 0.600000, 0.300000
299, 1, 5, 3, 0.200000, 0.333333
305, 0, 5, 1, 0.000000, 0.000000
309, 0, 5, 2, 0.000000, 0.000000
310, 0, 5, 1, 0.000000, 0.000000
314, 0, 5, 1, 0.000000, 0.000000
315, 0, 5, 1, 0.000000, 0.000000
320, 2, 5, 3, 0.400000, 0.666667
325, 1, 5, 11, 0.200000, 0.090909
327, 1, 5, 2, 0.200000, 0.500000
328, 2, 5, 14, 0.400000, 0.142857
329, 0, 5, 1, 0.000000, 0.000000
331, 0, 5, 1, 0.000000, 0.000000
333, 1, 5, 2, 0.200000, 0.500000
334, 0, 5, 1, 0.000000, 0.000000
339, 1, 5, 1, 0.200000, 1.000000
340, 0, 5, 3, 0.000000, 0.000000
341, 1, 5, 1, 0.200000, 1.000000
342, 1, 5, 2, 0.200000, 0.500000
343, 3, 5, 7, 0.600000, 0.428571
344, 0, 5, 1, 0.000000, 0.000000
346, 4, 5, 9, 0.800000, 0.444444
347, 0, 5, 1, 0.000000, 0.000000
348, 2, 5, 2, 0.400000, 1.000000
350, 1, 5, 8, 0.200000, 0.125000
352, 2, 5, 4, 0.400000, 0.500000
357, 1, 5, 1, 0.200000, 1.000000
360, 2, 5, 3, 0.400000, 0.666667
361, 2, 5, 5, 0.400000, 0.400000
365, 0, 5, 2, 0.000000, 0.000000
369, 1, 5, 4, 0.200000, 0.250000
372, 0, 5, 1, 0.000000, 0.000000
382, 0, 5, 3, 0.000000, 0.000000
384, 0, 5, 4, 0.000000, 0.000000
390, 0, 5, 1, 0.000000, 0.000000
393, 1, 5, 1, 0.200000, 1.000000
395, 0, 5, 3, 0.000000, 0.000000
396, 1, 5, 1, 0.200000, 1.000000
398, 0, 5, 1, 0.000000, 0.000000
407, 0, 5, 8, 0.000000, 0.000000
409, 2, 5, 3, 0.400000, 0.666667
410, 0, 5, 5, 0.000000, 0.000000
411, 0, 5, 1, 0.000000, 0.000000
412, 0, 5, 1, 0.000000, 0.000000
414, 1, 5, 14, 0.200000, 0.071429
417, 0, 5, 1, 0.000000, 0.000000
418, 1, 5, 1, 0.200000, 1.000000
419, 2, 5, 5, 0.400000, 0.400000
422, 0, 5, 1, 0.000000, 0.000000
423, 0, 5, 3, 0.000000, 0.000000
424, 3, 5, 27, 0.600000, 0.111111
425, 1, 5, 1, 0.200000, 1.000000
428, 0, 5, 1, 0.000000, 0.000000
437, 0, 5, 2, 0.000000, 0.000000
438, 1, 5, 3, 0.200000, 0.333333
441, 0, 5, 8, 0.000000, 0.000000
442, 2, 5, 13, 0.400000, 0.153846
445, 1, 5, 6, 0.200000, 0.166667
447, 0, 5, 1, 0.000000, 0.000000
450, 0, 5, 1, 0.000000, 0.000000
451, 2, 5, 7, 0.400000, 0.285714
454, 2, 5, 30, 0.400000, 0.066667
455, 1, 5, 1, 0.200000, 1.000000
456, 1, 5, 3, 0.200000, 0.333333
458, 2, 5, 18, 0.400000, 0.111111
462, 0, 5, 1, 0.000000, 0.000000
465, 1, 5, 2, 0.200000, 0.500000
470, 0, 5, 1, 0.000000, 0.000000
471, 0, 5, 4, 0.000000, 0.000000
472, 0, 5, 2, 0.000000, 0.000000
479, 1, 5, 1, 0.200000, 1.000000
481, 3, 5, 4, 0.600000, 0.750000
482, 0, 5, 3, 0.000000, 0.000000
486, 1, 5, 5, 0.200000, 0.200000
492, 0, 5, 3, 0.000000, 0.000000
502, 2, 5, 2, 0.400000, 1.000000
504, 1, 5, 8, 0.200000, 0.125000
505, 0, 5, 2, 0.000000, 0.000000
506, 1, 5, 6, 0.200000, 0.166667
507, 1, 5, 5, 0.200000, 0.200000
508, 1, 5, 11, 0.200000, 0.090909
509, 0, 5, 3, 0.000000, 0.000000
510, 1, 5, 4, 0.200000, 0.250000
512, 1, 5, 7, 0.200000, 0.142857
516, 0, 5, 7, 0.000000, 0.000000
517, 0, 5, 3, 0.000000, 0.000000
522, 0, 5, 1, 0.000000, 0.000000
523, 1, 5, 1, 0.200000, 1.000000
526, 1, 5, 1, 0.200000, 1.000000
527, 3, 5, 8, 0.600000, 0.375000
528, 2, 5, 4, 0.400000, 0.500000
530, 1, 5, 4, 0.200000, 0.250000
533, 0, 5, 2, 0.000000, 0.000000
534, 0, 5, 1, 0.000000, 0.000000
535, 3, 5, 22, 0.600000, 0.136364
537, 0, 5, 2, 0.000000, 0.000000
540, 0, 5, 3, 0.000000, 0.000000
541, 1, 5, 11, 0.200000, 0.090909
547, 2, 5, 5, 0.400000, 0.400000
548, 1, 5, 1, 0.200000, 1.000000
550, 2, 5, 3, 0.400000, 0.666667
552, 0, 5, 2, 0.000000, 0.000000
553, 0, 5, 1, 0.000000, 0.000000
558, 1, 5, 1, 0.200000, 1.000000
559, 1, 5, 26, 0.200000, 0.038462
560, 2, 5, 7, 0.400000, 0.285714
566, 1, 5, 2, 0.200000, 0.500000
567, 0, 5, 6, 0.000000, 0.000000
570, 1, 5, 11, 0.200000, 0.090909
572, 1, 5, 3, 0.200000, 0.333333
573, 0, 5, 7, 0.000000, 0.000000
576, 0, 5, 2, 0.000000, 0.000000
580, 0, 5, 1, 0.000000, 0.000000
581, 0, 5, 2, 0.000000, 0.000000
582, 5, 5, 18, 1.000000, 0.277778
583, 0, 5, 2, 0.000000, 0.000000
584, 1, 5, 1, 0.200000, 1.000000
585, 0, 5, 2, 0.000000, 0.000000
588, 1, 5, 5, 0.200000, 0.200000
589, 0, 5, 3, 0.000000, 0.000000
590, 4, 5, 17, 0.800000, 0.235294
591, 2, 5, 8, 0.400000, 0.250000
592, 2, 5, 14, 0.400000, 0.142857
593, 1, 5, 6, 0.200000, 0.166667
594, 0, 5, 9, 0.000000, 0.000000
599, 1, 5, 1, 0.200000, 1.000000
600, 0, 5, 1, 0.000000, 0.000000
604, 3, 5, 7, 0.600000, 0.428571
607, 0, 5, 1, 0.000000, 0.000000
609, 1, 5, 1, 0.200000, 1.000000
610, 4, 5, 53, 0.800000, 0.075472
611, 1, 5, 1, 0.200000, 1.000000
613, 1, 5, 1, 0.200000, 1.000000
615, 2, 5, 5, 0.400000, 0.400000
616, 0, 5, 1, 0.000000, 0.000000
618, 1, 5, 10, 0.200000, 0.100000
619, 1, 5, 1, 0.200000, 1.000000
621, 0, 5, 2, 0.000000, 0.000000
622, 0, 5, 1, 0.000000, 0.000000
623, 1, 5, 23, 0.200000, 0.043478
624, 1, 5, 5, 0.200000, 0.200000
625, 1, 5, 4, 0.200000, 0.250000
627, 0, 5, 3, 0.000000, 0.000000
628, 0, 5, 3, 0.000000, 0.000000
629, 1, 5, 1, 0.200000, 1.000000
630, 1, 5, 1, 0.200000, 1.000000
631, 1, 5, 14, 0.200000, 0.071429
632, 0, 5, 1, 0.000000, 0.000000
633, 1, 5, 1, 0.200000, 1.000000
634, 0, 5, 1, 0.000000, 0.000000
635, 1, 5, 8, 0.200000, 0.125000
637, 3, 5, 7, 0.600000, 0.428571
638, 1, 5, 14, 0.200000, 0.071429
639, 2, 5, 11, 0.400000, 0.181818
640, 0, 5, 1, 0.000000, 0.000000
643, 0, 5, 5, 0.000000, 0.000000
646, 1, 5, 12, 0.200000, 0.083333
647, 3, 5, 4, 0.600000, 0.750000
650, 0, 5, 6, 0.000000, 0.000000
651, 2, 5, 4, 0.400000, 0.500000
653, 1, 5, 3, 0.200000, 0.333333
654, 1, 5, 14, 0.200000, 0.071429
655, 1, 5, 8, 0.200000, 0.125000
659, 3, 5, 6, 0.600000, 0.500000
660, 2, 5, 8, 0.400000, 0.250000
661, 1, 5, 6, 0.200000, 0.166667
662, 1, 5, 3, 0.200000, 0.333333
665, 2, 5, 3, 0.400000, 0.666667
667, 3, 5, 6, 0.600000, 0.500000
669, 2, 5, 28, 0.400000, 0.071429
672, 2, 5, 7, 0.400000, 0.285714
675, 1, 5, 9, 0.200000, 0.111111
676, 1, 5, 1, 0.200000, 1.000000
678, 1, 5, 4, 0.200000, 0.250000
679, 2, 5, 4, 0.400000, 0.500000
680, 1, 5, 15, 0.200000, 0.066667
683, 1, 5, 12, 0.200000, 0.083333
685, 2, 5, 6, 0.400000, 0.333333
686, 2, 5, 4, 0.400000, 0.500000
687, 1, 5, 1, 0.200000, 1.000000
691, 0, 5, 1, 0.000000, 0.000000
693, 3, 5, 5, 0.600000, 0.600000
696, 0, 5, 12, 0.000000, 0.000000
697, 1, 5, 26, 0.200000, 0.038462
698, 1, 5, 1, 0.200000, 1.000000
699, 3, 5, 14, 0.600000, 0.214286
704, 2, 5, 20, 0.400000, 0.100000
706, 0, 5, 1, 0.000000, 0.000000
707, 1, 5, 9, 0.200000, 0.111111
708, 1, 5, 7, 0.200000, 0.142857
710, 2, 5, 2, 0.400000, 1.000000
711, 2, 5, 20, 0.400000, 0.100000
712, 2, 5, 4, 0.400000, 0.500000
713, 2, 5, 2, 0.400000, 1.000000
717, 0, 5, 1, 0.000000, 0.000000
718, 2, 5, 19, 0.400000, 0.105263
721, 0, 5, 2, 0.000000, 0.000000
722, 2, 5, 8, 0.400000, 0.250000
726, 1, 5, 4, 0.200000, 0.250000
730, 2, 5, 3, 0.400000, 0.666667
734, 2, 5, 9, 0.400000, 0.222222
735, 1, 5, 1, 0.200000, 1.000000
742, 2, 5, 2, 0.400000, 1.000000
745, 1, 5, 6, 0.200000, 0.166667
746, 3, 5, 15, 0.600000, 0.200000
747, 1, 5, 1, 0.200000, 1.000000
748, 1, 5, 2, 0.200000, 0.500000
749, 2, 5, 6, 0.400000, 0.333333
751, 1, 5, 3, 0.200000, 0.333333
754, 1, 5, 4, 0.200000, 0.250000
755, 0, 5, 3, 0.000000, 0.000000
757, 0, 5, 2, 0.000000, 0.000000
759, 3, 5, 10, 0.600000, 0.300000
760, 2, 5, 7, 0.400000, 0.285714
762, 0, 5, 1, 0.000000, 0.000000
764, 0, 5, 21, 0.000000, 0.000000
765, 1, 5, 3, 0.200000, 0.333333
766, 1, 5, 12, 0.200000, 0.083333
768, 0, 5, 1, 0.000000, 0.000000
769, 1, 5, 2, 0.200000, 0.500000
770, 2, 5, 5, 0.400000, 0.400000
771, 1, 5, 1, 0.200000, 1.000000
773, 1, 5, 2, 0.200000, 0.500000
774, 2, 5, 4, 0.400000, 0.500000
776, 3, 5, 3, 0.600000, 1.000000
777, 0, 5, 2, 0.000000, 0.000000
783, 0, 5, 1, 0.000000, 0.000000
786, 3, 5, 14, 0.600000, 0.214286
787, 2, 5, 8, 0.400000, 0.250000
790, 1, 5, 7, 0.200000, 0.142857
792, 0, 5, 1, 0.000000, 0.000000
793, 1, 5, 1, 0.200000, 1.000000
796, 1, 5, 6, 0.200000, 0.166667
798, 2, 5, 8, 0.400000, 0.250000
799, 3, 5, 31, 0.600000, 0.096774
800, 0, 5, 1, 0.000000, 0.000000
801, 4, 5, 12, 0.800000, 0.333333
802, 0, 5, 7, 0.000000, 0.000000
803, 1, 5, 21, 0.200000, 0.047619
804, 3, 5, 4, 0.600000, 0.750000
807, 3, 5, 12, 0.600000, 0.250000
808, 0, 5, 4, 0.000000, 0.000000
810, 0, 5, 1, 0.000000, 0.000000
811, 1, 5, 9, 0.200000, 0.111111
812, 2, 5, 14, 0.400000, 0.142857
813, 3, 5, 16, 0.600000, 0.187500
814, 0, 5, 2, 0.000000, 0.000000
816, 0, 5, 4, 0.000000, 0.000000
817, 1, 5, 15, 0.200000, 0.066667
818, 0, 5, 2, 0.000000, 0.000000
819, 0, 5, 4, 0.000000, 0.000000
820, 0, 5, 1, 0.000000, 0.000000
823, 0, 5, 9, 0.000000, 0.000000
825, 3, 5, 8, 0.600000, 0.375000
827, 1, 5, 1, 0.200000, 1.000000
828, 0, 5, 2, 0.000000, 0.000000
831, 0, 5, 32, 0.000000, 0.000000
833, 1, 5, 1, 0.200000, 1.000000
834, 1, 5, 32, 0.200000, 0.031250
835, 3, 5, 16, 0.600000, 0.187500
838, 0, 5, 1, 0.000000, 0.000000
840, 0, 5, 28, 0.000000, 0.000000
841, 1, 5, 3, 0.200000, 0.333333
842, 1, 5, 2, 0.200000, 0.500000
843, 1, 5, 1, 0.200000, 1.000000
846, 0, 5, 1, 0.000000, 0.000000
847, 0, 5, 1, 0.000000, 0.000000
850, 2, 5, 8, 0.400000, 0.250000
856, 2, 5, 10, 0.400000, 0.200000
858, 1, 5, 4, 0.200000, 0.250000
859, 0, 5, 1, 0.000000, 0.000000
864, 0, 5, 3, 0.000000, 0.000000
865, 5, 5, 21, 1.000000, 0.238095
866, 0, 5, 1, 0.000000, 0.000000
868, 0, 5, 19, 0.000000, 0.000000
875, 1, 5, 16, 0.200000, 0.062500
876, 2, 5, 3, 0.400000, 0.666667
879, 0, 5, 4, 0.000000, 0.000000
881, 0, 5, 5, 0.000000, 0.000000
883, 2, 5, 25, 0.400000, 0.080000
884, 1, 5, 1, 0.200000, 1.000000
885, 2, 5, 15, 0.400000, 0.133333
886, 0, 5, 2, 0.000000, 0.000000
887, 3, 5, 13, 0.600000, 0.230769
888, 1, 5, 15, 0.200000, 0.066667
889, 0, 5, 3, 0.000000, 0.000000
890, 0, 5, 1, 0.000000, 0.000000
892, 0, 5, 1, 0.000000, 0.000000
894, 0, 5, 4, 0.000000, 0.000000
895, 2, 5, 2, 0.400000, 1.000000
898, 1, 5, 9, 0.200000, 0.111111
899, 2, 5, 8, 0.400000, 0.250000
900, 1, 5, 5, 0.200000, 0.200000
901, 0, 5, 5, 0.000000, 0.000000
902, 1, 5, 6, 0.200000, 0.166667
903, 0, 5, 1, 0.000000, 0.000000
904, 0, 5, 27, 0.000000, 0.000000
907, 1, 5, 1, 0.200000, 1.000000
910, 0, 5, 1, 0.000000, 0.000000
913, 0, 5, 1, 0.000000, 0.000000
914, 1, 5, 1, 0.200000, 1.000000
916, 1, 5, 10, 0.200000, 0.100000
917, 0, 5, 1, 0.000000, 0.000000
918, 4, 5, 5, 0.800000, 0.800000
921, 1, 5, 1, 0.200000, 1.000000
923, 0, 5, 1, 0.000000, 0.000000
924, 0, 5, 1, 0.000000, 0.000000
925, 1, 5, 3, 0.200000, 0.333333
926, 1, 5, 2, 0.200000, 0.500000
927, 1, 5, 4, 0.200000, 0.250000
930, 0, 5, 2, 0.000000, 0.000000
931, 2, 5, 11, 0.400000, 0.181818
932, 0, 5, 3, 0.000000, 0.000000
935, 0, 5, 4, 0.000000, 0.000000
936, 4, 5, 18, 0.800000, 0.222222
942, 1, 5, 2, 0.200000, 0.500000
943, 1, 5, 14, 0.200000, 0.071429
946, 1, 5, 9, 0.200000, 0.111111
947, 0, 5, 1, 0.000000, 0.000000
948, 3, 5, 19, 0.600000, 0.157895
950, 2, 5, 19, 0.400000, 0.105263
951, 0, 5, 1, 0.000000, 0.000000
952, 3, 5, 5, 0.600000, 0.600000
953, 3, 5, 30, 0.600000, 0.100000
956, 5, 5, 16, 1.000000, 0.312500
957, 2, 5, 20, 0.400000, 0.100000
959, 0, 5, 8, 0.000000, 0.000000
960, 1, 5, 2, 0.200000, 0.500000
961, 1, 5, 18, 0.200000, 0.055556
962, 2, 5, 8, 0.400000, 0.250000
963, 2, 5, 13, 0.400000, 0.153846
965, 2, 5, 19, 0.400000, 0.105263
966, 0, 5, 22, 0.000000, 0.000000
967, 1, 5, 4, 0.200000, 0.250000
968, 1, 5, 2, 0.200000, 0.500000
969, 2, 5, 11, 0.400000, 0.181818
970, 0, 5, 20, 0.000000, 0.000000
971, 1, 5, 14, 0.200000, 0.071429
972, 2, 5, 9, 0.400000, 0.222222
973, 2, 5, 25, 0.400000, 0.080000
974, 2, 5, 15, 0.400000, 0.133333
976, 0, 5, 2, 0.000000, 0.000000
977, 0, 5, 12, 0.000000, 0.000000
978, 4, 5, 36, 0.800000, 0.111111
979, 2, 5, 8, 0.400000, 0.250000
980, 2, 5, 7, 0.400000, 0.285714
981, 1, 5, 24, 0.200000, 0.041667
982, 0, 5, 5, 0.000000, 0.000000
983, 1, 5, 27, 0.200000, 0.037037
984, 0, 5, 2, 0.000000, 0.000000
985, 3, 5, 22, 0.600000, 0.136364
986, 2, 5, 19, 0.400000, 0.105263
987, 0, 5, 1, 0.000000, 0.000000
988, 1, 5, 18, 0.200000, 0.055556
989, 2, 5, 11, 0.400000, 0.181818
990, 0, 5, 8, 0.000000, 0.000000
991, 2, 5, 12, 0.400000, 0.166667
992, 1, 5, 7, 0.200000, 0.142857
993, 3, 5, 4, 0.600000, 0.750000
994, 2, 5, 2, 0.400000, 1.000000
