1, 2, 5, 5, 0.400000, 0.400000
2, 3, 5, 12, 0.600000, 0.250000
4, 4, 5, 5, 0.800000, 0.800000
9, 2, 5, 7, 0.400000, 0.285714
11, 3, 5, 3, 0.600000, 1.000000
12, 0, 5, 4, 0.000000, 0.000000
13, 2, 5, 3, 0.400000, 0.666667
14, 0, 5, 4, 0.000000, 0.000000
16, 0, 5, 2, 0.000000, 0.000000
18, 1, 5, 1, 0.200000, 1.000000
20, 2, 5, 5, 0.400000, 0.400000
21, 0, 5, 3, 0.000000, 0.000000
23, 1, 5, 1, 0.200000, 1.000000
25, 1, 5, 3, 0.200000, 0.333333
26, 5, 5, 29, 1.000000, 0.172414
28, 2, 5, 7, 0.400000, 0.285714
29, 3, 5, 8, 0.600000, 0.375000
30, 0, 5, 5, 0.000000, 0.000000
33, 0, 5, 1, 0.000000, 0.000000
34, 1, 5, 4, 0.200000, 0.250000
35, 0, 5, 3, 0.000000, 0.000000
36, 2, 5, 2, 0.400000, 1.000000
38, 2, 5, 2, 0.400000, 1.000000
39, 0, 5, 1, 0.000000, 0.000000
40, 1, 5, 4, 0.200000, 0.250000
41, 0, 5, 2, 0.000000, 0.000000
42, 2, 5, 2, 0.400000, 1.000000
43, 3, 5, 5, 0.600000, 0.600000
46, 2, 5, 12, 0.400000, 0.166667
47, 3, 5, 7, 0.600000, 0.428571
49, 2, 5, 8, 0.400000, 0.250000
50, 2, 5, 2, 0.400000, 1.000000
51, 1, 5, 2, 0.200000, 0.500000
52, 1, 5, 1, 0.200000, 1.000000
53, 0, 5, 1, 0.000000, 0.000000
55, 4, 5, 7, 0.800000, 0.571429
56, 1, 5, 2, 0.200000, 0.500000
58, 0, 5, 12, 0.000000, 0.000000
59, 1, 5, 1, 0.200000, 1.000000
60, 2, 5, 5, 0.400000, 0.400000
61, 2, 5, 5, 0.400000, 0.400000
64, 4, 5, 14, 0.800000, 0.285714
67, 4, 5, 11, 0.800000, 0.363636
69, 5, 5, 19, 1.000000, 0.263158
70, 3, 5, 12, 0.600000, 0.250000
73, 0, 5, 2, 0.000000, 0.000000
75, 0, 5, 1, 0.000000, 0.000000
78, 0, 5, 1, 0.000000, 0.000000
80, 0, 5, 1, 0.000000, 0.000000
81, 4, 5, 16, 0.800000, 0.250000
82, 1, 5, 4, 0.200000, 0.250000
84, 1, 5, 5, 0.200000, 0.200000
88, 1, 5, 5, 0.200000, 0.200000
90, 2, 5, 11, 0.400000, 0.181818
95, 0, 5, 1, 0.000000, 0.000000
96, 1, 5, 6, 0.200000, 0.166667
97, 1, 5, 1, 0.200000, 1.000000
98, 3, 5, 11, 0.600000, 0.272727
103, 4, 5, 14, 0.800000, 0.285714
104, 1, 5, 1, 0.200000, 1.000000
105, 1, 5, 2, 0.200000, 0.500000
106, 1, 5, 4, 0.200000, 0.250000
107, 3, 5, 35, 0.600000, 0.085714
108, 3, 5, 8, 0.600000, 0.375000
109, 3, 5, 7, 0.600000, 0.428571
110, 0, 5, 1, 0.000000, 0.000000
112, 0, 5, 5, 0.000000, 0.000000
113, 0, 5, 1, 0.000000, 0.000000
116, 1, 5, 2, 0.200000, 0.500000
117, 1, 5, 15, 0.200000, 0.066667
118, 4, 5, 9, 0.800000, 0.444444
119, 0, 5, 3, 0.000000, 0.000000
120, 0, 5, 7, 0.000000, 0.000000
123, 0, 5, 1, 0.000000, 0.000000
124, 2, 5, 4, 0.400000, 0.500000
129, 1, 5, 3, 0.200000, 0.333333
130, 4, 5, 5, 0.800000, 0.800000
132, 2, 5, 2, 0.400000, 1.000000
133, 3, 5, 3, 0.600000, 1.000000
134, 1, 5, 1, 0.200000, 1.000000
136, 1, 5, 7, 0.200000, 0.142857
137, 0, 5, 2, 0.000000, 0.000000
139, 3, 5, 8, 0.600000, 0.375000
140, 2, 5, 14, 0.400000, 0.142857
145, 2, 5, 24, 0.400000, 0.083333
146, 0, 5, 1, 0.000000, 0.000000
147, 0, 5, 5, 0.000000, 0.000000
149, 3, 5, 4, 0.600000, 0.750000
151, 2, 5, 6, 0.400000, 0.333333
153, 2, 5, 8, 0.400000, 0.250000
154, 1, 5, 2, 0.200000, 0.500000
155, 1, 5, 4, 0.200000, 0.250000
156, 1, 5, 4, 0.200000, 0.250000
158, 2, 5, 2, 0.400000, 1.000000
159, 1, 5, 3, 0.200000, 0.333333
161, 2, 5, 7, 0.400000, 0.285714
162, 2, 5, 5, 0.400000, 0.400000
164, 0, 5, 1, 0.000000, 0.000000
165, 1, 5, 1, 0.200000, 1.000000
166, 1, 5, 13, 0.200000, 0.076923
168, 1, 5, 13, 0.200000, 0.076923
169, 3, 5, 8, 0.600000, 0.375000
172, 0, 5, 1, 0.000000, 0.000000
173, 1, 5, 8, 0.200000, 0.125000
174, 1, 5, 5, 0.200000, 0.200000
175, 1, 5, 6, 0.200000, 0.166667
179, 5, 5, 12, 1.000000, 0.416667
180, 3, 5, 14, 0.600000, 0.214286
183, 4, 5, 17, 0.800000, 0.235294
184, 1, 5, 2, 0.200000, 0.500000
185, 3, 5, 7, 0.600000, 0.428571
187, 4, 5, 12, 0.800000, 0.333333
188, 1, 5, 1, 0.200000, 1.000000
189, 2, 5, 17, 0.400000, 0.117647
190, 1, 5, 8, 0.200000, 0.125000
191, 2, 5, 6, 0.400000, 0.333333
192, 0, 5, 1, 0.000000, 0.000000
196, 1, 5, 4, 0.200000, 0.250000
197, 3, 5, 10, 0.600000, 0.300000
200, 0, 5, 2, 0.000000, 0.000000
201, 0, 5, 11, 0.000000, 0.000000
202, 3, 5, 6, 0.600000, 0.500000
204, 0, 5, 1, 0.000000, 0.000000
205, 5, 5, 14, 1.000000, 0.357143
206, 0, 5, 2, 0.000000, 0.000000
213, 3, 5, 5, 0.600000, 0.600000
215, 3, 5, 3, 0.600000, 1.000000
218, 1, 5, 3, 0.200000, 0.333333
222, 4, 5, 10, 0.800000, 0.400000
223, 1, 5, 10, 0.200000, 0.100000
225, 1, 5, 6, 0.200000, 0.166667
229, 2, 5, 7, 0.400000, 0.285714
230, 3, 5, 4, 0.600000, 0.750000
231, 0, 5, 1, 0.000000, 0.000000
233, 0, 5, 1, 0.000000, 0.000000
234, 1, 5, 3, 0.200000, 0.333333
236, 1, 5, 1, 0.200000, 1.000000
237, 1, 5, 4, 0.200000, 0.250000
239, 0, 5, 1, 0.000000, 0.000000
240, 4, 5, 7, 0.800000, 0.571429
241, 0, 5, 3, 0.000000, 0.000000
244, 0, 5, 4, 0.000000, 0.000000
245, 2, 5, 5, 0.400000, 0.400000
246, 4, 5, 9, 0.800000, 0.444444
247, 2, 5, 8, 0.400000, 0.250000
248, 1, 5, 6, 0.200000, 0.166667
249, 4, 5, 7, 0.800000, 0.571429
252, 2, 5, 17, 0.400000, 0.117647
255, 1, 5, 3, 0.200000, 0.333333
257, 1, 5, 11, 0.200000, 0.090909
259, 3, 5, 5, 0.600000, 0.600000
263, 2, 5, 9, 0.400000, 0.222222
266, 0, 5, 3, 0.000000, 0.000000
267, 5, 5, 7, 1.000000, 0.714286
268, 0, 5, 4, 0.000000, 0.000000
270, 1, 5, 6, 0.200000, 0.166667
273, 1, 5, 12, 0.200000, 0.083333
274, 2, 5, 3, 0.400000, 0.666667
277, 1, 5, 2, 0.200000, 0.500000
279, 0, 5, 1, 0.000000, 0.000000
280, 3, 5, 8, 0.600000, 0.375000
281, 0, 5, 1, 0.000000, 0.000000
282, 2, 5, 13, 0.400000, 0.153846
283, 2, 5, 19, 0.400000, 0.105263
284, 2, 5, 4, 0.400000, 0.500000
285, 4, 5, 13, 0.800000, 0.307692
289, 0, 5, 2, 0.000000, 0.000000
290, 1, 5, 4, 0.200000, 0.250000
291, 3, 5, 9, 0.600000, 0.333333
292, 1, 5, 1, 0.200000, 1.000000
293, 2, 5, 6, 0.400000, 0.333333
295, 1, 5, 11, 0.200000, 0.090909
296, 1, 5, 1, 0.200000, 1.000000
297, 1, 5, 11, 0.200000, 0.090909
299, 0, 5, 7, 0.000000, 0.000000
301, 0, 5, 1, 0.000000, 0.000000
302, 0, 5, 2, 0.000000, 0.000000
303, 4, 5, 20, 0.800000, 0.200000
305, 4, 5, 12, 0.800000, 0.333333
309, 2, 5, 9, 0.400000, 0.222222
310, 3, 5, 10, 0.600000, 0.300000
311, 1, 5, 2, 0.200000, 0.500000
312, 3, 5, 19, 0.600000, 0.157895
313, 1, 5, 1, 0.200000, 1.000000
315, 0, 5, 1, 0.000000, 0.000000
317, 2, 5, 3, 0.400000, 0.666667
321, 0, 5, 1, 0.000000, 0.000000
322, 2, 5, 5, 0.400000, 0.400000
323, 1, 5, 5, 0.200000, 0.200000
324, 4, 5, 14, 0.800000, 0.285714
325, 1, 5, 13, 0.200000, 0.076923
326, 1, 5, 2, 0.200000, 0.500000
327, 4, 5, 16, 0.800000, 0.250000
328, 2, 5, 8, 0.400000, 0.250000
330, 1, 5, 1, 0.200000, 1.000000
331, 2, 5, 15, 0.400000, 0.133333
332, 1, 5, 5, 0.200000, 0.200000
333, 0, 5, 13, 0.000000, 0.000000
334, 2, 5, 19, 0.400000, 0.105263
336, 1, 5, 3, 0.200000, 0.333333
339, 1, 5, 6, 0.200000, 0.166667
340, 0, 5, 3, 0.000000, 0.000000
341, 0, 5, 3, 0.000000, 0.000000
342, 3, 5, 6, 0.600000, 0.500000
343, 1, 5, 3, 0.200000, 0.333333
345, 0, 5, 3, 0.000000, 0.000000
346, 3, 5, 5, 0.600000, 0.600000
348, 1, 5, 16, 0.200000, 0.062500
350, 2, 5, 10, 0.400000, 0.200000
352, 5, 5, 10, 1.000000, 0.500000
353, 0, 5, 3, 0.000000, 0.000000
357, 1, 5, 1, 0.200000, 1.000000
358, 1, 5, 2, 0.200000, 0.500000
360, 0, 5, 1, 0.000000, 0.000000
361, 3, 5, 27, 0.600000, 0.111111
363, 4, 5, 9, 0.800000, 0.444444
365, 0, 5, 2, 0.000000, 0.000000
366, 1, 5, 1, 0.200000, 1.000000
369, 0, 5, 6, 0.000000, 0.000000
370, 3, 5, 11, 0.600000, 0.272727
372, 3, 5, 6, 0.600000, 0.500000
373, 4, 5, 31, 0.800000, 0.129032
374, 3, 5, 13, 0.600000, 0.230769
376, 1, 5, 2, 0.200000, 0.500000
377, 1, 5, 1, 0.200000, 1.000000
379, 1, 5, 1, 0.200000, 1.000000
380, 3, 5, 6, 0.600000, 0.500000
381, 0, 5, 2, 0.000000, 0.000000
382, 2, 5, 7, 0.400000, 0.285714
383, 0, 5, 1, 0.000000, 0.000000
384, 4, 5, 11, 0.800000, 0.363636
385, 0, 5, 1, 0.000000, 0.000000
386, 3, 5, 15, 0.600000, 0.200000
387, 4, 5, 5, 0.800000, 0.800000
388, 1, 5, 5, 0.200000, 0.200000
390, 1, 5, 5, 0.200000, 0.200000
393, 1, 5, 4, 0.200000, 0.250000
395, 1, 5, 11, 0.200000, 0.090909
396, 3, 5, 11, 0.600000, 0.272727
397, 3, 5, 14, 0.600000, 0.214286
399, 0, 5, 2, 0.000000, 0.000000
401, 3, 5, 6, 0.600000, 0.500000
403, 1, 5, 2, 0.200000, 0.500000
406, 0, 5, 1, 0.000000, 0.000000
407, 1, 5, 8, 0.200000, 0.125000
408, 1, 5, 2, 0.200000, 0.500000
409, 1, 5, 1, 0.200000, 1.000000
410, 3, 5, 17, 0.600000, 0.176471
411, 1, 5, 14, 0.200000, 0.071429
412, 3, 5, 11, 0.600000, 0.272727
413, 1, 5, 1, 0.200000, 1.000000
414, 2, 5, 10, 0.400000, 0.200000
415, 0, 5, 1, 0.000000, 0.000000
417, 1, 5, 2, 0.200000, 0.500000
418, 1, 5, 11, 0.200000, 0.090909
419, 3, 5, 9, 0.600000, 0.333333
422, 3, 5, 23, 0.600000, 0.130435
423, 0, 5, 1, 0.000000, 0.000000
424, 2, 5, 2, 0.400000, 1.000000
425, 1, 5, 4, 0.200000, 0.250000
428, 0, 5, 4, 0.000000, 0.000000
431, 2, 5, 12, 0.400000, 0.166667
432, 4, 5, 14, 0.800000, 0.285714
433, 1, 5, 1, 0.200000, 1.000000
434, 0, 5, 1, 0.000000, 0.000000
435, 3, 5, 8, 0.600000, 0.375000
436, 0, 5, 1, 0.000000, 0.000000
437, 1, 5, 1, 0.200000, 1.000000
438, 4, 5, 12, 0.800000, 0.333333
440, 0, 5, 2, 0.000000, 0.000000
442, 3, 5, 8, 0.600000, 0.375000
443, 3, 5, 16, 0.600000, 0.187500
444, 3, 5, 6, 0.600000, 0.500000
445, 0, 5, 22, 0.000000, 0.000000
446, 1, 5, 7, 0.200000, 0.142857
449, 1, 5, 2, 0.200000, 0.500000
450, 2, 5, 2, 0.400000, 1.000000
451, 3, 5, 8, 0.600000, 0.375000
453, 1, 5, 1, 0.200000, 1.000000
455, 2, 5, 29, 0.400000, 0.068966
460, 0, 5, 1, 0.000000, 0.000000
461, 5, 5, 27, 1.000000, 0.185185
462, 1, 5, 6, 0.200000, 0.166667
463, 1, 5, 1, 0.200000, 1.000000
464, 2, 5, 12, 0.400000, 0.166667
465, 2, 5, 8, 0.400000, 0.250000
466, 1, 5, 2, 0.200000, 0.500000
467, 0, 5, 3, 0.000000, 0.000000
468, 0, 5, 1, 0.000000, 0.000000
469, 1, 5, 6, 0.200000, 0.166667
471, 0, 5, 1, 0.000000, 0.000000
479, 0, 5, 2, 0.000000, 0.000000
481, 5, 5, 12, 1.000000, 0.416667
482, 2, 5, 17, 0.400000, 0.117647
483, 3, 5, 14, 0.600000, 0.214286
484, 1, 5, 4, 0.200000, 0.250000
485, 0, 5, 1, 0.000000, 0.000000
486, 1, 5, 2, 0.200000, 0.500000
487, 3, 5, 15, 0.600000, 0.200000
488, 2, 5, 12, 0.400000, 0.166667
489, 0, 5, 2, 0.000000, 0.000000
492, 1, 5, 2, 0.200000, 0.500000
493, 0, 5, 2, 0.000000, 0.000000
497, 1, 5, 5, 0.200000, 0.200000
499, 3, 5, 3, 0.600000, 1.000000
500, 0, 5, 2, 0.000000, 0.000000
502, 0, 5, 2, 0.000000, 0.000000
504, 3, 5, 21, 0.600000, 0.142857
505, 2, 5, 5, 0.400000, 0.400000
506, 1, 5, 4, 0.200000, 0.250000
507, 2, 5, 14, 0.400000, 0.142857
508, 0, 5, 4, 0.000000, 0.000000
509, 1, 5, 9, 0.200000, 0.111111
510, 3, 5, 11, 0.600000, 0.272727
511, 2, 5, 7, 0.400000, 0.285714
512, 2, 5, 5, 0.400000, 0.400000
513, 3, 5, 8, 0.600000, 0.375000
515, 3, 5, 11, 0.600000, 0.272727
517, 1, 5, 3, 0.200000, 0.333333
518, 2, 5, 5, 0.400000, 0.400000
519, 0, 5, 3, 0.000000, 0.000000
521, 0, 5, 1, 0.000000, 0.000000
522, 0, 5, 2, 0.000000, 0.000000
525, 1, 5, 3, 0.200000, 0.333333
526, 3, 5, 7, 0.600000, 0.428571
528, 3, 5, 17, 0.600000, 0.176471
529, 2, 5, 7, 0.400000, 0.285714
530, 1, 5, 1, 0.200000, 1.000000
531, 1, 5, 1, 0.200000, 1.000000
533, 3, 5, 5, 0.600000, 0.600000
534, 0, 5, 6, 0.000000, 0.000000
537, 2, 5, 17, 0.400000, 0.117647
539, 3, 5, 7, 0.600000, 0.428571
540, 3, 5, 40, 0.600000, 0.075000
541, 1, 5, 9, 0.200000, 0.111111
542, 4, 5, 35, 0.800000, 0.114286
543, 1, 5, 1, 0.200000, 1.000000
544, 1, 5, 11, 0.200000, 0.090909
545, 0, 5, 1, 0.000000, 0.000000
546, 1, 5, 7, 0.200000, 0.142857
547, 1, 5, 3, 0.200000, 0.333333
548, 0, 5, 1, 0.000000, 0.000000
550, 4, 5, 14, 0.800000, 0.285714
551, 1, 5, 5, 0.200000, 0.200000
552, 0, 5, 1, 0.000000, 0.000000
553, 3, 5, 16, 0.600000, 0.187500
554, 2, 5, 3, 0.400000, 0.666667
556, 3, 5, 24, 0.600000, 0.125000
557, 0, 5, 3, 0.000000, 0.000000
558, 0, 5, 3, 0.000000, 0.000000
559, 0, 5, 6, 0.000000, 0.000000
560, 3, 5, 8, 0.600000, 0.375000
561, 4, 5, 19, 0.800000, 0.210526
562, 1, 5, 3, 0.200000, 0.333333
563, 1, 5, 2, 0.200000, 0.500000
564, 2, 5, 13, 0.400000, 0.153846
566, 1, 5, 7, 0.200000, 0.142857
567, 0, 5, 13, 0.000000, 0.000000
570, 0, 5, 1, 0.000000, 0.000000
572, 1, 5, 3, 0.200000, 0.333333
573, 0, 5, 3, 0.000000, 0.000000
574, 0, 5, 7, 0.000000, 0.000000
575, 2, 5, 8, 0.400000, 0.250000
576, 0, 5, 1, 0.000000, 0.000000
578, 0, 5, 3, 0.000000, 0.000000
580, 2, 5, 13, 0.400000, 0.153846
581, 0, 5, 1, 0.000000, 0.000000
583, 1, 5, 13, 0.200000, 0.076923
585, 3, 5, 3, 0.600000, 1.000000
586, 2, 5, 10, 0.400000, 0.200000
588, 2, 5, 4, 0.400000, 0.500000
589, 1, 5, 2, 0.200000, 0.500000
590, 1, 5, 3, 0.200000, 0.333333
591, 1, 5, 3, 0.200000, 0.333333
592, 3, 5, 14, 0.600000, 0.214286
594, 1, 5, 13, 0.200000, 0.076923
595, 1, 5, 5, 0.200000, 0.200000
597, 1, 5, 4, 0.200000, 0.250000
598, 2, 5, 6, 0.400000, 0.333333
599, 1, 5, 2, 0.200000, 0.500000
600, 0, 5, 8, 0.000000, 0.000000
601, 0, 5, 1, 0.000000, 0.000000
604, 2, 5, 6, 0.400000, 0.333333
605, 1, 5, 1, 0.200000, 1.000000
607, 0, 5, 4, 0.000000, 0.000000
610, 1, 5, 3, 0.200000, 0.333333
611, 1, 5, 3, 0.200000, 0.333333
612, 2, 5, 24, 0.400000, 0.083333
613, 2, 5, 4, 0.400000, 0.500000
616, 1, 5, 4, 0.200000, 0.250000
617, 1, 5, 2, 0.200000, 0.500000
619, 1, 5, 11, 0.200000, 0.090909
621, 2, 5, 11, 0.400000, 0.181818
622, 1, 5, 9, 0.200000, 0.111111
623, 2, 5, 8, 0.400000, 0.250000
624, 1, 5, 5, 0.200000, 0.200000
625, 3, 5, 19, 0.600000, 0.157895
626, 2, 5, 16, 0.400000, 0.125000
628, 4, 5, 4, 0.800000, 1.000000
629, 3, 5, 13, 0.600000, 0.230769
630, 1, 5, 4, 0.200000, 0.250000
631, 2, 5, 2, 0.400000, 1.000000
632, 0, 5, 1, 0.000000, 0.000000
634, 4, 5, 9, 0.800000, 0.444444
635, 3, 5, 11, 0.600000, 0.272727
636, 4, 5, 11, 0.800000, 0.363636
637, 4, 5, 10, 0.800000, 0.400000
638, 1, 5, 1, 0.200000, 1.000000
639, 1, 5, 5, 0.200000, 0.200000
640, 2, 5, 2, 0.400000, 1.000000
641, 2, 5, 5, 0.400000, 0.400000
642, 2, 5, 2, 0.400000, 1.000000
643, 1, 5, 8, 0.200000, 0.125000
645, 2, 5, 9, 0.400000, 0.222222
646, 5, 5, 10, 1.000000, 0.500000
647, 2, 5, 12, 0.400000, 0.166667
648, 1, 5, 16, 0.200000, 0.062500
649, 1, 5, 5, 0.200000, 0.200000
650, 3, 5, 19, 0.600000, 0.157895
651, 1, 5, 2, 0.200000, 0.500000
653, 2, 5, 8, 0.400000, 0.250000
655, 0, 5, 7, 0.000000, 0.000000
656, 1, 5, 2, 0.200000, 0.500000
657, 0, 5, 1, 0.000000, 0.000000
659, 2, 5, 11, 0.400000, 0.181818
660, 1, 5, 1, 0.200000, 1.000000
661, 0, 5, 8, 0.000000, 0.000000
663, 3, 5, 5, 0.600000, 0.600000
665, 3, 5, 8, 0.600000, 0.375000
667, 2, 5, 18, 0.400000, 0.111111
669, 1, 5, 3, 0.200000, 0.333333
672, 0, 5, 18, 0.000000, 0.000000
675, 3, 5, 9, 0.600000, 0.333333
676, 1, 5, 8, 0.200000, 0.125000
678, 1, 5, 9, 0.200000, 0.111111
679, 3, 5, 16, 0.600000, 0.187500
680, 3, 5, 7, 0.600000, 0.428571
681, 1, 5, 6, 0.200000, 0.166667
682, 3, 5, 16, 0.600000, 0.187500
683, 0, 5, 1, 0.000000, 0.000000
685, 0, 5, 13, 0.000000, 0.000000
686, 4, 5, 11, 0.800000, 0.363636
688, 1, 5, 13, 0.200000, 0.076923
690, 3, 5, 18, 0.600000, 0.166667
691, 1, 5, 16, 0.200000, 0.062500
692, 0, 5, 5, 0.000000, 0.000000
693, 5, 5, 8, 1.000000, 0.625000
694, 0, 5, 1, 0.000000, 0.000000
695, 0, 5, 1, 0.000000, 0.000000
696, 1, 5, 9, 0.200000, 0.111111
697, 0, 5, 1, 0.000000, 0.000000
698, 3, 5, 9, 0.600000, 0.333333
699, 3, 5, 7, 0.600000, 0.428571
702, 1, 5, 1, 0.200000, 1.000000
703, 1, 5, 5, 0.200000, 0.200000
704, 3, 5, 4, 0.600000, 0.750000
705, 2, 5, 9, 0.400000, 0.222222
706, 1, 5, 6, 0.200000, 0.166667
707, 1, 5, 7, 0.200000, 0.142857
708, 1, 5, 5, 0.200000, 0.200000
710, 3, 5, 19, 0.600000, 0.157895
711, 3, 5, 10, 0.600000, 0.300000
712, 1, 5, 1, 0.200000, 1.000000
713, 3, 5, 14, 0.600000, 0.214286
714, 1, 5, 6, 0.200000, 0.166667
715, 0, 5, 1, 0.000000, 0.000000
718, 3, 5, 6, 0.600000, 0.500000
719, 3, 5, 7, 0.600000, 0.428571
720, 3, 5, 6, 0.600000, 0.500000
721, 2, 5, 20, 0.400000, 0.100000
722, 3, 5, 8, 0.600000, 0.375000
725, 2, 5, 5, 0.400000, 0.400000
726, 1, 5, 11, 0.200000, 0.090909
727, 2, 5, 10, 0.400000, 0.200000
728, 0, 5, 3, 0.000000, 0.000000
729, 2, 5, 11, 0.400000, 0.181818
731, 1, 5, 4, 0.200000, 0.250000
732, 0, 5, 4, 0.000000, 0.000000
733, 1, 5, 1, 0.200000, 1.000000
734, 0, 5, 1, 0.000000, 0.000000
735, 2, 5, 5, 0.400000, 0.400000
736, 1, 5, 16, 0.200000, 0.062500
738, 2, 5, 7, 0.400000, 0.285714
739, 1, 5, 4, 0.200000, 0.250000
740, 1, 5, 1, 0.200000, 1.000000
741, 0, 5, 1, 0.000000, 0.000000
742, 1, 5, 1, 0.200000, 1.000000
743, 1, 5, 1, 0.200000, 1.000000
745, 4, 5, 10, 0.800000, 0.400000
747, 3, 5, 10, 0.600000, 0.300000
748, 3, 5, 10, 0.600000, 0.300000
749, 4, 5, 11, 0.800000, 0.363636
750, 0, 5, 19, 0.000000, 0.000000
751, 1, 5, 4, 0.200000, 0.250000
752, 1, 5, 12, 0.200000, 0.083333
753, 0, 5, 1, 0.000000, 0.000000
755, 3, 5, 10, 0.600000, 0.300000
756, 2, 5, 5, 0.400000, 0.400000
757, 3, 5, 8, 0.600000, 0.375000
758, 5, 5, 8, 1.000000, 0.625000
759, 3, 5, 8, 0.600000, 0.375000
760, 3, 5, 17, 0.600000, 0.176471
762, 2, 5, 11, 0.400000, 0.181818
763, 3, 5, 13, 0.600000, 0.230769
764, 1, 5, 1, 0.200000, 1.000000
766, 1, 5, 1, 0.200000, 1.000000
768, 0, 5, 2, 0.000000, 0.000000
769, 4, 5, 21, 0.800000, 0.190476
770, 1, 5, 9, 0.200000, 0.111111
771, 2, 5, 25, 0.400000, 0.080000
772, 4, 5, 30, 0.800000, 0.133333
773, 0, 5, 1, 0.000000, 0.000000
774, 2, 5, 3, 0.400000, 0.666667
775, 0, 5, 5, 0.000000, 0.000000
776, 1, 5, 2, 0.200000, 0.500000
777, 1, 5, 11, 0.200000, 0.090909
778, 1, 5, 2, 0.200000, 0.500000
779, 2, 5, 7, 0.400000, 0.285714
780, 1, 5, 6, 0.200000, 0.166667
781, 1, 5, 1, 0.200000, 1.000000
782, 1, 5, 9, 0.200000, 0.111111
783, 1, 5, 6, 0.200000, 0.166667
784, 0, 5, 3, 0.000000, 0.000000
786, 3, 5, 9, 0.600000, 0.333333
787, 3, 5, 8, 0.600000, 0.375000
788, 3, 5, 21, 0.600000, 0.142857
790, 1, 5, 3, 0.200000, 0.333333
791, 3, 5, 3, 0.600000, 1.000000
792, 1, 5, 2, 0.200000, 0.500000
793, 0, 5, 2, 0.000000, 0.000000
794, 0, 5, 1, 0.000000, 0.000000
795, 2, 5, 37, 0.400000, 0.054054
796, 3, 5, 15, 0.600000, 0.200000
798, 1, 5, 11, 0.200000, 0.090909
800, 1, 5, 13, 0.200000, 0.076923
801, 0, 5, 12, 0.000000, 0.000000
803, 2, 5, 24, 0.400000, 0.083333
804, 4, 5, 13, 0.800000, 0.307692
805, 3, 5, 11, 0.600000, 0.272727
806, 0, 5, 1, 0.000000, 0.000000
807, 0, 5, 25, 0.000000, 0.000000
808, 1, 5, 9, 0.200000, 0.111111
809, 4, 5, 12, 0.800000, 0.333333
810, 2, 5, 22, 0.400000, 0.090909
811, 1, 5, 14, 0.200000, 0.071429
812, 3, 5, 3, 0.600000, 1.000000
813, 2, 5, 10, 0.400000, 0.200000
814, 1, 5, 9, 0.200000, 0.111111
815, 1, 5, 8, 0.200000, 0.125000
816, 1, 5, 9, 0.200000, 0.111111
817, 2, 5, 12, 0.400000, 0.166667
818, 3, 5, 16, 0.600000, 0.187500
819, 2, 5, 10, 0.400000, 0.200000
820, 3, 5, 22, 0.600000, 0.136364
821, 1, 5, 12, 0.200000, 0.083333
822, 0, 5, 1, 0.000000, 0.000000
823, 3, 5, 9, 0.600000, 0.333333
824, 0, 5, 12, 0.000000, 0.000000
825, 2, 5, 7, 0.400000, 0.285714
826, 2, 5, 23, 0.400000, 0.086957
827, 3, 5, 14, 0.600000, 0.214286
828, 3, 5, 7, 0.600000, 0.428571
829, 3, 5, 24, 0.600000, 0.125000
830, 1, 5, 9, 0.200000, 0.111111
831, 1, 5, 1, 0.200000, 1.000000
833, 0, 5, 13, 0.000000, 0.000000
836, 2, 5, 24, 0.400000, 0.083333
837, 0, 5, 1, 0.000000, 0.000000
839, 3, 5, 38, 0.600000, 0.078947
841, 4, 5, 31, 0.800000, 0.129032
842, 4, 5, 21, 0.800000, 0.190476
843, 3, 5, 18, 0.600000, 0.166667
844, 3, 5, 20, 0.600000, 0.150000
845, 4, 5, 21, 0.800000, 0.190476
846, 0, 5, 5, 0.000000, 0.000000
847, 1, 5, 9, 0.200000, 0.111111
848, 3, 5, 13, 0.600000, 0.230769
849, 2, 5, 19, 0.400000, 0.105263
850, 1, 5, 3, 0.200000, 0.333333
851, 4, 5, 17, 0.800000, 0.235294
852, 2, 5, 5, 0.400000, 0.400000
853, 3, 5, 13, 0.600000, 0.230769
854, 1, 5, 17, 0.200000, 0.058824
855, 2, 5, 14, 0.400000, 0.142857
856, 0, 5, 6, 0.000000, 0.000000
857, 3, 5, 14, 0.600000, 0.214286
858, 2, 5, 9, 0.400000, 0.222222
859, 4, 5, 25, 0.800000, 0.160000
860, 4, 5, 26, 0.800000, 0.153846
861, 2, 5, 12, 0.400000, 0.166667
862, 0, 5, 5, 0.000000, 0.000000
863, 1, 5, 7, 0.200000, 0.142857
864, 2, 5, 7, 0.400000, 0.285714
865, 0, 5, 4, 0.000000, 0.000000
866, 4, 5, 16, 0.800000, 0.250000
867, 2, 5, 15, 0.400000, 0.133333
868, 0, 5, 1, 0.000000, 0.000000
869, 3, 5, 10, 0.600000, 0.300000
870, 2, 5, 29, 0.400000, 0.068966
871, 0, 5, 7, 0.000000, 0.000000
872, 4, 5, 11, 0.800000, 0.363636
873, 4, 5, 13, 0.800000, 0.307692
874, 3, 5, 15, 0.600000, 0.200000
875, 3, 5, 27, 0.600000, 0.111111
876, 5, 5, 16, 1.000000, 0.312500
877, 0, 5, 4, 0.000000, 0.000000
878, 1, 5, 10, 0.200000, 0.100000
879, 0, 5, 8, 0.000000, 0.000000
880, 2, 5, 6, 0.400000, 0.333333
881, 0, 5, 1, 0.000000, 0.000000
882, 4, 5, 20, 0.800000, 0.200000
883, 0, 5, 6, 0.000000, 0.000000
884, 0, 5, 7, 0.000000, 0.000000
885, 2, 5, 19, 0.400000, 0.105263
886, 5, 5, 10, 1.000000, 0.500000
887, 4, 5, 9, 0.800000, 0.444444
888, 0, 5, 2, 0.000000, 0.000000
889, 2, 5, 12, 0.400000, 0.166667
890, 1, 5, 9, 0.200000, 0.111111
891, 1, 5, 11, 0.200000, 0.090909
892, 1, 5, 7, 0.200000, 0.142857
893, 3, 5, 21, 0.600000, 0.142857
894, 2, 5, 20, 0.400000, 0.100000
895, 3, 5, 25, 0.600000, 0.120000
896, 1, 5, 7, 0.200000, 0.142857
897, 3, 5, 16, 0.600000, 0.187500
898, 1, 5, 3, 0.200000, 0.333333
899, 0, 5, 1, 0.000000, 0.000000
900, 3, 5, 10, 0.600000, 0.300000
901, 3, 5, 15, 0.600000, 0.200000
903, 1, 5, 4, 0.200000, 0.250000
904, 2, 5, 3, 0.400000, 0.666667
905, 3, 5, 10, 0.600000, 0.300000
906, 3, 5, 14, 0.600000, 0.214286
907, 1, 5, 27, 0.200000, 0.037037
908, 4, 5, 18, 0.800000, 0.222222
909, 2, 5, 14, 0.400000, 0.142857
910, 1, 5, 2, 0.200000, 0.500000
911, 2, 5, 24, 0.400000, 0.083333
912, 2, 5, 8, 0.400000, 0.250000
913, 2, 5, 11, 0.400000, 0.181818
914, 3, 5, 25, 0.600000, 0.120000
915, 4, 5, 13, 0.800000, 0.307692
916, 4, 5, 29, 0.800000, 0.137931
917, 3, 5, 12, 0.600000, 0.250000
918, 2, 5, 5, 0.400000, 0.400000
919, 0, 5, 4, 0.000000, 0.000000
920, 1, 5, 13, 0.200000, 0.076923
921, 3, 5, 12, 0.600000, 0.250000
922, 1, 5, 12, 0.200000, 0.083333
923, 2, 5, 10, 0.400000, 0.200000
924, 4, 5, 12, 0.800000, 0.333333
925, 1, 5, 7, 0.200000, 0.142857
926, 2, 5, 7, 0.400000, 0.285714
927, 3, 5, 12, 0.600000, 0.250000
928, 3, 5, 12, 0.600000, 0.250000
929, 2, 5, 9, 0.400000, 0.222222
930, 2, 5, 29, 0.400000, 0.068966
931, 1, 5, 4, 0.200000, 0.250000
932, 3, 5, 9, 0.600000, 0.333333
933, 2, 5, 8, 0.400000, 0.250000
934, 0, 5, 3, 0.000000, 0.000000
935, 2, 5, 3, 0.400000, 0.666667
936, 3, 5, 6, 0.600000, 0.500000
937, 2, 5, 5, 0.400000, 0.400000
938, 1, 5, 21, 0.200000, 0.047619
939, 0, 5, 4, 0.000000, 0.000000
940, 0, 5, 1, 0.000000, 0.000000
941, 1, 5, 6, 0.200000, 0.166667
942, 4, 5, 15, 0.800000, 0.266667
943, 1, 5, 3, 0.200000, 0.333333
944, 1, 5, 5, 0.200000, 0.200000
945, 3, 5, 10, 0.600000, 0.300000
946, 1, 5, 2, 0.200000, 0.500000
947, 2, 5, 4, 0.400000, 0.500000
949, 2, 5, 5, 0.400000, 0.400000
951, 2, 5, 6, 0.400000, 0.333333
952, 0, 5, 4, 0.000000, 0.000000
953, 0, 5, 1, 0.000000, 0.000000
954, 0, 5, 3, 0.000000, 0.000000
955, 4, 5, 7, 0.800000, 0.571429
957, 1, 5, 1, 0.200000, 1.000000
958, 0, 5, 1, 0.000000, 0.000000
959, 2, 5, 5, 0.400000, 0.400000
960, 1, 5, 2, 0.200000, 0.500000
963, 0, 5, 2, 0.000000, 0.000000
964, 2, 5, 3, 0.400000, 0.666667
965, 1, 5, 2, 0.200000, 0.500000
966, 0, 5, 1, 0.000000, 0.000000
967, 2, 5, 5, 0.400000, 0.400000
969, 1, 5, 3, 0.200000, 0.333333
970, 0, 5, 2, 0.000000, 0.000000
971, 0, 5, 1, 0.000000, 0.000000
972, 2, 5, 2, 0.400000, 1.000000
973, 0, 5, 1, 0.000000, 0.000000
